15000000
11
43
44
171
172
173
174
175
213
312
414
481
580
581
682
683
848
849
850
1018
45
112
177
178
179
313
445
446
447
448
582
649
700
706
708
709
710
712
714
715
716
917
176
246
464
514
694
695
696
702
703
704
711
713
782
783
979
980
981
982
983
984
1051
42
164
165
166
243
310
432
511
652
654
655
656
657
659
701
780
847
968
969
970
971
1048
134
168
169
244
311
437
531
534
535
670
671
672
673
674
705
781
939
973
974
976
1049
1050
129
130
167
234
301
327
398
399
435
512
515
516
517
518
519
520
665
666
667
934
935
972
115
191
197
459
460
461
465
761
762
763
764
767
768
786
787
920
921
922
996
997
998
1055
116
193
194
195
238
317
462
463
653
731
771
772
773
774
775
776
777
778
854
951
999
1000
104
147
188
196
198
199
201
202
318
319
415
416
584
585
586
587
588
684
751
855
856
952
96
114
187
382
383
452
454
455
456
457
651
724
745
746
747
749
785
919
991
992
993
1054
113
183
184
185
315
381
449
450
451
583
650
720
721
729
730
732
733
734
735
852
918
989
46
180
181
182
247
314
717
718
719
722
723
725
727
728
750
784
851
985
986
987
988
1052
97
98
260
365
384
385
386
387
388
427
476
528
633
634
830
902
964
1036
1037
1038
1039
1065
92
93
94
158
292
362
366
367
369
370
371
372
373
374
375
426
629
630
631
829
899
963
91
95
225
361
363
364
368
376
377
378
379
380
436
628
632
896
897
898
900
1030
131
132
133
302
400
401
521
523
524
525
526
527
529
530
668
669
839
906
936
937
938
1040
123
124
300
391
392
489
491
492
493
494
495
635
660
661
795
901
903
904
905
929
1031
1032
126
232
233
394
395
500
501
502
503
504
506
636
663
769
770
924
925
926
927
928
931
932
57
105
226
227
228
230
259
326
417
419
420
422
496
594
602
862
863
908
909
910
911
1033
41
160
161
162
163
242
309
429
430
639
640
641
642
643
644
645
697
698
779
846
966
967
125
192
229
393
434
440
497
498
499
662
765
766
912
913
914
915
916
930
1034
1035
20
75
76
77
78
79
145
288
307
413
479
556
576
577
578
579
825
842
950
135
136
137
139
142
143
303
411
412
567
568
569
570
571
572
573
680
840
841
948
949
1016
24
25
26
27
99
100
101
102
103
275
294
397
404
405
513
543
544
812
831
907
28
108
109
110
111
237
296
410
431
433
442
443
444
564
565
566
646
648
699
833
947
66
200
219
261
262
263
264
468
487
603
796
797
798
871
872
874
1005
1024
1041
1042
1043
1066
1
2
3
4
5
6
7
8
68
269
270
271
286
336
538
539
605
739
806
807
808
873
67
266
267
268
403
536
537
604
803
804
940
957
1045
1062
1064
1067
1068
1069
1071
1072
1073
1074
64
120
253
254
256
332
477
478
522
601
791
832
834
835
836
837
838
1012
1013
1014
1015
1059
107
118
402
428
453
469
470
532
637
638
736
737
738
799
800
923
965
990
1047
1053
251
252
265
466
533
788
789
790
801
802
805
1001
1002
1003
1004
1006
1007
1056
1057
1058
1060
1070
17
18
19
22
65
69
203
273
274
285
337
471
542
606
740
809
810
811
941
1008
9
29
30
31
32
33
34
35
236
276
277
338
472
545
546
813
814
875
942
1009
10
36
37
38
39
40
70
144
146
151
152
159
278
279
280
547
574
575
607
681
815
52
119
186
204
205
206
207
320
473
474
741
742
743
816
817
820
821
822
823
857
1010
1011
12
13
47
48
49
50
51
138
272
281
282
339
406
540
548
549
550
551
675
818
943
14
15
16
56
58
59
60
61
62
63
71
231
235
283
284
407
541
552
553
554
555
944
149
150
239
245
248
249
250
306
331
418
595
596
597
598
599
600
686
687
868
955
956
977
153
154
240
305
345
421
441
608
609
610
611
612
613
614
615
688
689
690
691
958
959
978
106
155
255
389
423
480
482
616
617
618
619
692
748
792
844
845
853
960
1017
1019
1020
53
54
148
208
209
210
211
212
214
215
321
322
589
590
591
592
685
819
843
858
859
953
117
121
122
127
128
299
390
396
467
483
484
485
505
507
508
509
510
658
664
933
954
1044
55
189
216
217
218
323
486
752
753
755
793
860
864
865
867
869
870
994
1021
1022
1023
1061
74
220
291
293
295
297
298
342
458
488
726
754
756
757
866
876
877
878
879
880
995
1025
21
72
73
80
81
82
83
84
85
87
287
289
290
341
408
475
557
558
824
826
827
945
140
141
170
304
409
438
439
559
560
561
562
563
647
676
677
678
679
707
946
975
86
223
224
258
325
333
334
335
340
343
344
352
593
760
889
890
891
892
894
1028
1029
1063
190
221
222
257
316
324
490
758
759
794
861
881
882
883
884
885
886
887
1026
1027
156
157
241
308
328
329
330
346
351
424
425
620
621
622
623
624
625
693
888
961
962
1046
23
88
89
90
347
348
349
350
353
354
355
356
357
358
359
360
626
627
744
828
893
895
