205 4538 001
6 949 7 396 8 652 205 1 
7 932 8 297 9 262 11 38 12 64 13 1 14 2 15 6 16 1 17 115 34 1 43 10 50 23 51 16 52 72 53 35 54 9 55 116 
8 932 9 68 55 212 56 312 57 6 58 185 59 56 60 16 61 96 62 117 
9 932 10 68 62 134 63 86 64 22 65 45 66 42 67 14 68 25 69 2 70 14 71 35 72 12 73 23 74 5 75 1 76 7 77 36 78 44 79 20 80 29 81 37 85 27 86 47 87 3 93 4 94 6 95 2 96 12 97 2 98 6 101 2 102 5 103 10 104 30 105 35 106 16 107 21 108 19 109 4 110 8 111 18 112 20 113 13 114 12 115 22 116 5 117 1 118 5 119 12 
10 932 11 68 119 12 120 15 121 16 122 5 123 8 124 10 125 5 126 17 128 6 129 19 130 12 131 13 132 3 133 24 134 10 135 30 136 22 139 6 141 9 142 4 143 18 144 4 145 3 147 8 148 23 149 2 150 8 151 8 152 3 153 1 154 5 155 6 156 6 157 24 158 41 159 31 161 1 162 2 163 13 164 16 165 3 166 1 167 2 172 26 173 40 174 51 175 10 176 30 180 7 181 10 182 6 183 40 184 48 185 51 186 5 187 43 188 13 189 1 191 14 192 3 193 1 194 18 195 25 196 54 197 29 
1 949 11 69 42 38 43 3 46 349 47 285 50 157 66 60 87 1 108 1 136 1 168 2 176 1 197 16 200 16 201 22 202 11 203 3 204 12 205 4 
1 396 2 932 42 15 43 23 47 353 50 66 51 54 53 2 55 1 56 4 58 2 65 2 66 66 81 9 87 15 103 2 106 3 108 1 125 2 126 2 132 4 136 4 145 4 157 1 159 1 168 7 176 6 197 1 198 8 202 10 203 4 
1 652 2 297 3 932 42 3 43 25 47 26 50 5 51 5 53 2 60 1 62 1 63 2 66 1 81 4 87 7 103 2 106 1 108 3 125 2 132 3 145 1 159 3 168 4 176 17 198 1 
2 262 3 68 4 932 43 67 47 46 50 5 51 4 53 2 56 20 60 1 65 2 66 2 67 18 81 61 87 120 103 18 106 14 108 29 125 2 126 22 132 11 136 30 145 33 159 48 168 72 176 57 189 7 195 3 198 42 202 1 203 1 
4 68 5 932 43 46 50 6 51 1 56 14 60 2 67 23 77 2 81 29 82 54 87 167 103 39 106 18 108 33 125 10 126 40 132 18 136 65 145 53 157 3 159 78 168 109 176 108 189 18 195 9 197 1 198 51 203 3 
2 38 5 68 6 69 12 2 13 1 14 4 15 2 16 3 17 1 18 1 19 1 21 2 22 4 24 1 25 1 28 1 29 1 31 1 33 2 34 1 37 1 39 2 41 4 42 14 43 301 46 3 47 244 50 106 51 128 52 635 53 2 55 3 56 4 62 3 63 8 65 2 66 7 67 6 82 35 87 52 103 11 106 2 108 18 125 7 126 7 132 8 136 31 145 6 157 3 159 20 168 40 176 24 189 6 195 2 197 1 198 21 202 6 203 5 
2 64 11 2 42 13 43 124 46 1 47 46 48 242 50 32 51 20 52 26 53 405 54 123 55 465 58 2 60 10 62 1 63 41 65 3 66 5 67 4 82 42 87 94 103 22 106 6 108 3 125 2 126 7 132 6 136 20 145 15 159 21 168 16 176 90 195 3 197 2 198 9 202 8 203 5 
2 1 11 1 42 17 43 177 48 314 50 20 51 17 53 17 55 3 56 584 57 401 58 14 60 4 62 1 63 8 65 1 66 6 82 58 87 54 103 16 106 3 108 16 125 5 126 16 132 11 136 28 145 17 159 42 168 43 176 13 177 72 195 8 198 5 202 5 203 2 
2 2 11 4 42 36 43 140 46 1 48 444 49 1 50 22 51 34 53 2 55 3 58 339 59 271 60 338 61 56 62 5 63 2 66 19 67 5 82 29 87 78 103 13 106 16 108 3 125 3 126 2 132 11 136 16 145 4 159 27 168 26 177 24 195 3 198 10 202 10 203 1 
2 6 11 2 42 16 43 25 44 187 49 251 50 23 51 14 53 17 55 7 58 2 60 2 61 183 62 260 63 315 64 267 66 17 67 8 82 47 87 99 103 17 106 8 108 14 125 3 126 17 132 5 136 26 145 17 157 1 159 44 168 28 177 47 195 5 198 14 202 5 203 1 
2 1 11 3 42 23 43 1 44 204 46 1 49 420 50 35 51 48 53 6 55 2 56 1 60 2 62 3 63 5 64 27 65 565 66 419 67 1 82 28 87 24 88 25 103 4 106 7 108 5 125 2 126 7 132 8 136 14 145 4 159 12 168 31 177 29 195 5 198 18 202 8 203 2 
2 115 11 1 42 3 43 4 44 50 49 99 50 9 51 6 56 4 66 247 67 512 68 235 69 8 82 51 88 128 103 39 106 15 108 39 125 7 126 13 132 20 136 57 145 38 157 8 159 57 168 109 177 73 189 12 195 7 198 31 202 3 
11 1 42 1 43 1 44 214 49 1 50 35 53 1 56 46 60 4 63 2 66 4 67 1 69 62 70 240 71 698 77 1 78 3 82 74 88 91 103 19 106 19 108 56 116 1 125 14 126 16 127 1 132 22 136 9 137 36 145 15 157 7 159 39 168 109 177 80 189 8 195 6 198 41 201 20 203 2 
11 1 42 1 43 4 44 101 50 7 51 3 56 3 67 9 71 34 72 131 73 326 74 120 75 21 76 64 77 304 82 68 88 153 103 19 106 15 108 20 125 11 127 45 132 12 137 56 145 52 157 5 159 29 160 18 168 124 177 116 189 60 195 7 198 60 203 1 
42 1 43 1 44 102 50 29 51 4 53 2 56 28 60 1 67 15 77 256 78 565 79 181 82 115 88 167 103 18 106 18 108 18 125 5 127 29 132 12 137 34 145 51 157 1 160 52 168 112 177 92 189 27 195 8 198 54 203 2 
11 2 43 1 44 46 49 4 50 8 51 11 56 18 60 4 67 37 78 1 79 29 80 352 81 322 82 65 85 297 88 177 103 31 106 13 108 19 125 7 127 27 132 16 137 41 145 51 157 2 160 76 168 113 177 93 189 22 195 9 197 1 198 99 203 6 
11 4 42 2 43 2 44 37 51 5 56 52 60 1 67 12 77 1 78 4 82 99 85 26 86 565 87 43 88 168 92 1 93 72 94 21 95 8 96 64 97 22 98 73 100 15 101 6 102 32 103 82 106 20 108 8 109 15 125 6 127 28 132 27 137 55 145 42 146 8 157 3 160 71 168 42 169 47 177 100 189 38 195 15 197 2 198 53 203 3 
44 59 45 7 49 1 50 33 51 6 56 6 57 1 67 38 82 101 88 91 89 67 103 86 104 249 105 601 106 97 109 24 125 7 127 24 132 7 137 44 146 41 157 2 160 71 169 125 177 103 189 18 195 11 198 79 203 1 
11 1 42 1 45 78 50 12 51 6 57 62 60 2 67 36 78 1 82 86 89 174 103 22 106 97 107 114 108 394 109 77 110 174 111 170 125 5 127 42 132 12 137 41 146 43 157 3 160 59 169 90 177 85 189 46 195 7 198 57 201 1 203 2 
11 1 43 1 45 65 50 5 51 1 57 7 60 8 67 6 82 48 83 30 89 128 103 71 106 14 109 39 111 65 112 268 113 170 114 304 115 193 125 14 127 30 132 29 137 86 146 76 157 5 160 51 169 95 177 86 178 25 189 10 195 21 197 1 198 46 203 1 
43 2 45 105 50 12 51 1 55 1 57 15 60 3 67 5 78 1 83 92 89 157 103 24 106 19 109 29 115 142 116 85 117 7 118 71 119 414 120 157 121 76 122 48 125 13 127 24 132 39 137 73 146 22 157 2 160 60 169 98 178 133 189 16 195 10 197 1 198 42 203 1 
43 1 45 41 49 1 50 6 51 3 57 25 67 20 77 1 83 75 89 178 103 30 104 11 106 18 109 30 122 118 123 283 124 269 125 108 126 205 127 33 128 37 132 13 137 39 146 43 157 6 160 38 169 112 178 169 189 19 195 14 198 52 203 2 
11 1 43 1 45 62 49 1 50 3 51 3 57 15 60 1 67 24 83 81 89 138 104 24 106 12 109 19 125 5 127 23 128 82 129 211 130 166 131 397 132 15 133 137 137 27 146 43 160 75 169 86 178 94 189 25 195 10 198 59 199 159 203 1 
11 1 43 2 45 37 50 2 51 6 57 12 60 5 67 38 83 94 89 158 90 32 104 34 106 17 109 35 125 7 127 23 133 278 134 339 135 397 137 39 146 75 160 55 169 105 178 103 189 32 195 9 199 64 203 1 
45 210 50 7 51 3 57 10 60 6 67 10 83 87 90 137 104 38 106 5 109 22 125 6 127 29 133 14 135 18 136 581 137 56 138 18 139 37 141 92 142 43 143 211 146 58 157 4 160 52 169 79 178 85 189 27 195 17 199 37 203 1 
11 1 43 1 45 26 50 2 57 2 63 1 67 7 77 2 78 1 83 78 90 191 104 6 106 20 109 25 125 18 127 57 133 23 137 43 143 308 144 68 145 8 146 44 147 238 148 378 157 10 160 42 169 163 170 12 178 131 189 18 195 30 199 45 203 1 
43 3 45 61 50 14 57 1 60 1 63 1 67 8 77 1 83 82 90 159 104 33 106 31 109 43 125 31 127 18 133 11 137 61 146 41 148 219 149 39 150 165 151 112 152 77 154 34 155 86 156 105 157 171 160 75 170 115 178 105 189 11 195 18 199 64 202 1 203 3 
11 2 45 51 50 3 51 11 57 28 60 2 67 54 83 71 90 200 104 35 106 13 109 26 127 38 133 10 137 44 146 68 157 107 158 358 159 289 160 67 161 10 162 39 163 79 164 121 170 112 178 80 189 23 195 8 199 50 203 1 
2 1 11 1 45 89 50 5 51 22 55 1 57 43 61 1 67 29 77 2 83 70 90 194 104 18 106 14 109 14 125 1 127 35 133 9 137 43 146 61 157 2 160 53 164 63 165 21 166 58 167 18 170 82 171 11 172 308 173 521 178 75 179 21 189 37 195 11 197 1 199 63 203 2 
43 3 45 69 50 10 51 4 57 11 61 5 67 29 78 2 83 79 90 87 91 103 104 23 106 17 109 31 125 8 127 29 133 15 137 35 146 58 157 1 160 60 170 113 173 4 174 576 175 111 176 284 179 108 180 25 189 15 195 5 199 79 203 1 
45 73 50 12 51 1 57 7 61 1 67 5 77 2 78 1 83 71 91 134 104 64 106 18 109 34 125 8 127 38 133 22 137 139 146 69 157 4 160 25 161 22 170 81 179 108 180 31 181 116 182 168 183 685 189 8 195 17 199 34 203 2 
11 1 45 26 46 41 50 18 51 1 57 4 67 4 83 90 84 3 91 119 104 65 106 10 109 40 125 14 127 35 133 13 137 8 138 108 146 64 157 4 161 62 170 96 179 102 183 262 184 656 185 82 189 8 195 19 197 1 199 40 203 4 
46 61 50 9 51 1 57 13 61 2 67 7 77 1 84 70 91 132 104 69 106 25 109 31 125 12 127 18 133 19 138 86 146 49 157 5 161 58 170 97 179 138 185 677 186 139 187 184 189 18 195 12 199 44 203 23 
11 2 43 1 46 50 49 1 50 1 51 2 57 4 67 8 84 87 91 185 104 19 106 28 109 30 125 24 127 35 133 22 138 58 146 40 157 7 161 50 170 127 179 136 187 576 188 124 189 27 190 2 191 194 192 96 195 11 197 1 199 52 
43 1 46 124 50 19 51 7 57 11 61 6 67 34 78 1 84 71 91 165 104 25 106 7 109 35 125 8 127 22 133 14 138 50 146 35 157 2 161 50 170 98 179 137 189 20 192 11 193 23 194 141 195 338 196 501 199 44 
11 4 43 1 46 60 50 10 51 3 57 53 61 6 67 12 77 1 78 28 84 99 91 162 92 11 104 36 106 19 109 22 125 15 127 20 133 19 138 40 146 26 157 2 161 57 170 67 171 26 179 105 189 23 195 5 196 252 197 569 199 57 200 179 203 11 
6 38 7 15 8 3 11 14 12 13 13 17 14 36 15 16 16 23 17 3 18 1 19 1 20 1 22 2 24 1 43 4 46 65 49 37 50 18 51 2 57 4 61 1 66 2 67 8 84 77 92 127 104 47 106 14 109 50 125 37 127 29 133 12 138 75 146 36 147 37 157 6 161 47 171 72 179 105 189 7 195 17 199 59 200 309 201 367 202 1 203 3 204 82 205 59 
2 10 6 3 7 23 8 25 9 67 10 46 11 301 12 124 13 177 14 140 15 25 16 1 17 4 18 1 19 4 20 1 21 1 22 2 25 1 26 2 27 1 28 1 29 2 31 1 32 3 35 3 39 1 40 1 41 1 42 4 44 1 45 2 46 3 49 1 50 13 51 1 52 1 53 5 55 1 57 4 58 2 60 1 61 7 62 8 63 8 66 3 67 11 71 1 72 1 77 4 78 10 84 115 86 1 92 184 104 9 106 26 109 32 118 1 125 14 127 37 133 21 138 64 147 31 151 3 157 6 161 43 168 3 169 1 170 1 171 105 179 40 180 59 183 1 187 1 189 16 195 25 197 2 199 58 201 4 204 7 
15 187 16 204 17 50 18 214 19 101 20 102 21 46 22 37 23 59 43 1 50 1 53 1 58 1 60 1 61 11 63 4 66 1 67 8 77 3 78 1 84 104 92 165 104 9 106 39 109 33 125 14 126 9 127 37 133 19 138 64 147 30 157 10 161 58 171 164 180 114 189 19 195 13 197 2 199 51 200 10 201 1 203 2 
23 7 24 78 25 65 26 105 27 41 28 62 29 37 30 210 31 26 32 61 33 51 34 89 35 69 36 73 37 26 43 2 50 2 53 1 57 10 61 14 66 1 67 5 77 2 78 1 84 107 92 140 104 8 106 18 109 30 126 16 127 39 133 20 138 67 147 54 157 11 161 48 171 128 180 123 189 33 195 17 197 1 200 101 203 1 
6 349 11 3 12 1 14 1 16 1 37 41 38 61 39 50 40 124 41 60 42 65 43 3 50 11 53 2 55 2 56 1 57 2 61 10 63 1 67 22 68 2 71 1 77 3 78 8 80 2 81 4 84 97 85 3 86 5 92 170 98 4 104 13 105 4 106 76 108 3 109 25 110 3 112 1 114 1 115 5 116 2 126 22 127 41 130 5 131 1 133 28 134 1 135 3 136 1 138 69 139 1 142 1 143 1 147 33 148 1 150 2 157 11 158 1 159 3 161 66 162 1 163 1 164 2 171 102 173 3 174 5 176 2 180 96 183 1 186 58 187 2 188 1 189 14 192 2 194 1 195 23 196 1 197 4 200 77 204 67 
6 285 7 353 8 26 9 46 11 244 12 46 51 6 52 1 53 2 55 12 57 28 60 23 61 19 62 2 63 40 64 18 65 6 66 5 67 3 78 4 84 113 92 136 104 11 106 9 107 15 109 11 126 15 127 34 133 25 138 77 147 24 157 5 161 80 171 99 180 96 189 17 195 15 200 45 201 3 203 1 
12 242 13 314 14 444 50 18 51 28 53 15 55 53 57 6 60 80 61 80 62 5 63 97 64 191 65 2 66 21 67 2 78 6 84 34 92 67 93 19 104 7 107 10 109 7 126 11 127 22 133 17 138 25 147 4 157 3 161 35 171 56 180 47 189 8 195 2 200 21 201 1 
14 1 15 251 16 420 17 99 18 1 21 4 23 1 27 1 28 1 39 1 42 37 43 1 50 74 51 26 52 1 53 63 55 63 58 1 60 59 61 49 62 6 63 92 64 146 65 9 66 27 67 99 78 2 84 23 85 4 93 71 104 4 107 11 109 6 126 10 127 14 133 20 138 37 147 17 157 3 161 34 171 86 180 84 189 7 195 5 200 28 203 1 
2 23 6 157 7 66 8 5 9 5 10 6 11 106 12 32 13 20 14 22 15 23 16 35 17 9 18 35 19 7 20 29 21 8 23 33 24 12 25 5 26 12 27 6 28 3 29 2 30 7 31 2 32 14 33 3 34 5 35 10 36 12 37 18 38 9 39 1 40 19 41 10 42 18 43 13 44 1 45 2 46 11 48 18 49 74 57 2 64 3 66 3 67 83 77 1 81 2 85 94 86 2 93 150 104 6 107 44 108 9 109 24 111 1 126 16 127 31 129 1 133 19 138 58 147 29 152 9 157 5 161 64 171 113 180 95 189 21 195 19 197 2 200 47 203 2 204 45 
2 16 7 54 8 5 9 4 10 1 11 128 12 20 13 17 14 34 15 14 16 48 17 6 19 3 20 4 21 11 22 5 23 6 24 6 25 1 26 1 27 3 28 3 29 6 30 3 33 11 34 22 35 4 36 1 37 1 38 1 39 2 40 7 41 3 42 2 43 1 47 6 48 28 49 26 52 3 53 33 54 63 55 197 56 178 57 73 58 83 59 404 60 93 61 2 62 101 63 3 64 9 65 2 66 5 67 3 85 19 93 49 104 3 107 9 109 4 126 4 127 7 133 5 138 23 147 8 157 1 161 15 171 28 180 23 189 4 195 9 200 14 203 3 204 6 
2 72 11 635 12 26 43 1 47 1 49 1 51 3 53 6 54 4 56 3 57 6 58 19 59 14 60 34 61 3 62 190 63 14 64 115 65 9 66 17 67 18 69 1 72 3 73 8 78 7 79 1 81 1 85 4 86 5 87 3 88 4 90 5 91 6 92 1 93 22 94 1 95 2 96 17 98 4 101 1 102 4 103 1 105 2 106 3 107 4 109 3 117 1 128 16 129 5 130 11 131 5 132 2 134 2 135 1 136 1 137 3 138 2 139 71 140 210 142 1 143 14 144 1 145 2 151 18 154 5 156 1 158 1 162 14 163 14 164 2 165 9 166 1 167 3 168 19 169 33 170 19 171 3 173 10 175 2 177 1 178 6 179 6 188 10 192 1 193 81 195 5 199 6 200 29 202 1 203 2 
2 35 7 2 8 2 9 2 11 2 12 405 13 17 14 2 15 17 16 6 18 1 20 2 43 5 44 1 45 1 46 2 47 2 48 15 49 63 51 33 52 6 54 171 55 8 56 67 57 56 58 63 59 105 60 112 61 62 62 123 63 70 64 5 65 83 66 2 67 9 68 2 69 1 70 8 72 23 73 3 74 30 75 1 76 1 93 3 95 1 96 3 98 28 101 1 103 2 110 2 115 1 116 7 117 18 118 4 122 1 123 3 125 2 128 4 132 3 145 1 146 27 147 5 149 40 150 9 151 10 153 11 154 4 155 10 156 7 157 1 161 1 162 3 163 2 164 2 165 1 166 2 167 1 190 2 193 55 198 12 199 8 200 1 201 1 202 1 203 2 
2 9 12 123 51 63 52 4 53 171 55 9 56 1 57 5 58 368 59 49 60 203 62 91 63 212 64 444 65 3 66 33 67 42 68 3 73 1 75 1 81 1 132 12 133 1 142 24 144 47 145 19 163 2 194 10 197 8 198 41 
2 116 3 212 7 1 11 3 12 465 13 3 14 3 15 7 16 2 26 1 34 1 43 1 46 2 47 12 48 53 49 63 51 197 53 8 54 9 56 16 57 49 58 1 59 1 60 110 61 28 62 17 64 2 65 42 67 39 69 7 70 3 73 15 75 1 93 2 95 1 96 2 98 9 100 13 102 5 115 11 117 3 120 1 121 1 122 4 125 28 131 1 145 3 146 11 147 39 148 1 149 6 151 70 152 44 153 24 155 24 161 4 162 11 163 2 164 11 165 6 166 7 190 34 193 84 198 34 200 1 202 5 203 5 204 3 
3 312 7 4 9 20 10 14 11 4 13 584 16 1 17 4 18 46 19 3 20 28 21 18 22 52 23 6 46 1 51 178 52 3 53 67 54 1 55 16 57 8 61 174 62 12 63 1 64 15 67 6 68 8 69 2 70 113 72 3 73 3 74 2 75 8 76 17 77 1 87 4 88 6 89 17 90 9 91 14 92 2 93 2 94 12 96 2 98 1 99 11 100 19 103 4 117 2 118 3 119 2 122 15 123 5 147 3 148 1 149 8 150 2 152 45 156 62 157 2 191 2 200 1 201 3 202 4 203 2 
3 6 13 401 23 1 24 62 25 7 26 15 27 25 28 15 29 12 30 10 31 2 32 1 33 28 34 43 35 11 36 7 37 4 38 13 39 4 40 11 41 53 42 4 43 4 45 10 46 2 47 28 48 6 50 2 51 73 52 6 53 56 54 5 55 49 56 8 58 148 59 80 60 222 61 110 62 81 63 17 64 135 65 141 103 20 202 3 203 3 
3 185 7 2 12 2 13 14 14 339 15 2 43 2 44 1 49 1 51 83 52 19 53 63 54 368 55 1 57 148 59 369 61 6 62 22 64 3 67 1 95 2 98 3 103 12 104 38 106 2 120 44 121 30 130 1 131 1 135 4 136 6 137 25 138 10 140 3 141 13 144 1 145 6 148 1 156 2 168 4 169 11 170 12 174 1 176 5 177 12 178 34 179 20 180 1 188 1 190 3 203 1 204 59 205 1 
3 56 14 271 51 404 52 14 53 105 54 49 55 1 57 80 58 369 60 2 61 230 62 2 64 3 65 40 67 9 68 58 69 29 70 3 72 18 73 15 74 4 76 11 77 2 93 3 94 4 95 2 98 2 99 1 102 57 117 11 118 8 123 1 124 13 125 1 147 2 150 3 151 17 152 19 153 1 156 1 190 2 200 1 202 1 203 3 
3 16 8 1 9 1 10 2 12 10 13 4 14 338 15 2 16 2 18 4 20 1 21 4 22 1 24 2 25 8 26 3 28 1 29 5 30 6 32 1 33 2 43 1 44 1 47 23 48 80 49 59 51 93 52 34 53 112 54 203 55 110 57 222 59 2 61 107 62 58 63 40 64 65 65 51 66 19 69 1 75 3 76 24 93 1 96 2 97 1 98 2 100 1 102 5 103 5 118 3 119 1 120 4 121 1 123 2 145 2 146 15 147 29 150 4 151 8 152 15 153 44 154 10 156 31 157 1 190 1 192 4 193 5 198 35 199 38 200 1 203 3 
3 96 14 56 15 183 34 1 35 5 36 1 38 2 40 6 41 6 42 1 43 7 44 11 45 14 46 10 47 19 48 80 49 49 51 2 52 3 53 62 55 28 56 174 57 110 58 6 59 230 60 107 62 289 63 104 64 4 65 58 66 6 78 2 79 1 81 1 103 25 104 18 105 4 106 1 109 3 128 1 132 1 136 5 137 3 138 1 139 2 141 8 158 30 159 5 160 22 161 6 174 6 175 1 191 6 192 6 193 5 194 2 202 1 203 2 204 4 
3 117 4 134 8 1 11 3 12 1 13 1 14 5 15 260 16 3 43 8 47 2 48 5 49 6 51 101 52 190 53 123 54 91 55 17 56 12 57 81 58 22 59 2 60 58 61 289 63 74 64 23 65 78 66 1 67 4 69 3 73 2 74 1 75 1 77 1 93 3 96 1 99 1 100 3 115 1 120 1 125 1 128 11 129 2 132 2 148 12 149 39 151 3 153 1 156 1 157 1 162 8 164 7 165 91 166 3 167 2 189 1 190 37 191 2 192 2 193 2 201 10 202 2 
4 86 8 2 11 8 12 41 13 8 14 2 15 315 16 5 18 2 31 1 32 1 43 8 44 4 46 1 47 40 48 97 49 92 51 3 52 14 53 70 54 212 56 1 57 17 60 40 61 104 62 74 64 118 65 133 67 23 68 1 69 7 70 1 72 2 74 1 76 10 78 2 79 21 81 2 92 5 93 6 94 13 95 12 96 3 97 4 98 8 100 4 101 1 102 8 103 6 109 8 110 2 111 3 112 8 113 2 114 1 116 6 117 2 118 2 120 9 121 13 122 13 123 1 124 3 125 1 128 1 129 3 145 10 146 32 147 8 148 4 149 12 150 1 153 29 155 2 157 12 158 1 159 3 180 5 181 20 182 1 186 5 187 4 188 1 189 1 190 7 191 3 192 1 195 7 196 4 197 3 202 1 203 4 
4 22 15 267 16 27 47 18 48 191 49 146 50 3 51 9 52 115 53 5 54 444 55 2 56 15 57 135 58 3 59 3 60 65 61 4 62 23 63 118 65 7 66 57 67 8 69 14 93 2 96 5 97 1 98 1 100 3 110 151 111 112 112 21 202 1 203 1 204 1 
4 45 7 2 9 2 11 2 12 3 13 1 16 565 47 6 48 2 49 9 51 2 52 9 53 83 54 3 55 42 57 141 59 40 60 51 61 58 62 78 63 133 64 7 67 23 69 3 72 2 73 6 74 2 87 1 88 11 89 5 90 11 91 9 96 20 100 6 101 4 102 1 103 9 110 7 112 46 113 69 114 49 115 69 116 34 117 2 118 10 119 1 122 20 123 13 124 1 139 1 141 3 142 19 143 3 144 2 145 49 146 89 147 1 148 3 149 9 151 3 155 2 157 6 158 15 161 1 162 1 163 2 166 1 167 6 172 4 190 1 192 2 195 3 196 5 197 4 202 3 203 42 204 2 
4 42 6 60 7 66 8 1 9 2 11 7 12 5 13 6 14 19 15 17 16 419 17 247 18 4 42 2 43 3 44 1 45 1 47 5 48 21 49 27 50 3 51 5 52 17 53 2 54 33 60 19 61 6 62 1 64 57 67 358 76 1 93 4 101 4 102 12 110 99 113 70 114 30 115 37 116 54 118 13 119 12 121 1 124 61 125 4 147 2 152 4 153 3 154 72 155 34 156 8 164 1 165 1 180 1 202 8 
4 14 9 18 10 23 11 6 12 4 14 5 15 8 16 1 17 512 18 1 19 9 20 15 21 37 22 12 23 38 24 36 25 6 26 5 27 20 28 24 29 38 30 10 31 7 32 8 33 54 34 29 35 29 36 5 37 4 38 7 39 8 40 34 41 12 42 8 43 11 44 8 45 5 46 22 47 3 48 2 49 99 50 83 51 3 52 18 53 9 54 42 55 39 56 6 58 1 59 9 62 4 63 23 64 8 65 23 66 358 77 25 78 43 85 4 93 13 109 9 116 32 127 7 133 1 138 6 157 4 161 10 171 4 172 1 180 10 184 1 202 2 203 2 204 1 
4 25 17 235 46 2 53 2 54 3 56 8 59 58 63 1 77 21 78 58 79 104 80 86 81 91 82 47 83 49 84 55 85 102 86 59 87 54 93 154 96 2 100 45 101 2 104 30 105 25 106 21 107 162 108 35 109 45 116 14 117 1 125 1 127 3 128 70 133 98 138 11 147 7 157 20 161 110 171 17 172 14 180 26 189 2 193 3 195 12 197 2 200 2 201 4 203 2 
4 2 17 8 18 62 52 1 53 1 55 7 56 2 59 29 60 1 62 3 63 7 64 14 65 3 77 3 78 20 79 7 85 7 93 105 104 52 107 76 108 17 109 81 117 71 118 22 119 68 120 64 121 76 122 50 123 10 124 26 125 84 126 217 127 133 128 73 129 31 130 128 133 124 138 17 147 4 157 27 161 78 172 25 180 104 189 23 193 10 195 22 200 3 203 2 
4 14 18 240 53 8 55 3 56 113 59 3 63 1 77 1 79 87 85 35 93 51 104 32 107 20 109 85 110 74 117 27 128 16 130 148 131 137 132 100 133 145 134 101 135 150 136 48 137 134 138 116 139 29 147 7 157 5 161 13 172 20 180 15 193 3 195 4 197 1 200 8 202 1 203 5 
4 35 18 698 19 34 43 1 46 1 77 10 79 4 85 2 93 2 104 3 110 34 117 6 128 39 133 29 138 7 139 403 140 563 141 34 157 1 162 18 172 16 180 41 193 7 195 1 197 5 200 2 201 1 202 3 
4 12 19 131 43 1 52 3 53 23 56 3 59 18 63 2 65 2 77 8 79 74 85 20 93 218 104 23 107 19 110 84 117 12 125 1 128 30 133 47 138 19 141 36 142 72 143 114 144 127 145 156 147 10 157 64 158 89 159 62 160 70 161 108 162 242 172 8 180 29 189 10 193 13 195 34 200 3 201 3 
4 23 19 326 52 8 53 3 54 1 55 15 56 3 59 15 62 2 65 6 77 11 79 23 85 9 93 143 104 12 107 8 110 58 117 2 126 1 128 10 133 82 138 2 147 2 157 73 162 46 163 161 164 72 165 152 166 133 167 204 168 90 169 80 170 78 171 7 172 4 180 17 189 7 193 4 195 99 200 1 202 5 203 2 
4 5 19 120 53 30 56 2 59 4 62 1 63 1 65 2 77 20 79 14 93 7 94 129 104 16 110 468 117 1 128 45 133 16 138 1 147 5 157 42 162 35 171 48 172 58 173 41 174 59 175 167 176 128 177 252 178 203 179 47 180 11 195 16 200 1 202 1 203 4 
4 1 19 21 53 1 54 1 55 1 56 8 60 3 62 1 77 15 79 29 85 31 94 114 104 81 107 8 110 260 117 13 128 36 133 51 138 16 139 73 147 5 157 24 162 93 172 8 179 153 180 81 181 238 182 151 183 3 184 86 185 5 186 211 187 5 188 120 189 19 193 9 195 25 
4 7 19 64 53 1 56 17 59 11 60 24 63 10 66 1 77 4 79 26 85 47 94 110 104 17 107 10 110 22 111 175 125 3 126 1 128 103 133 79 139 15 157 9 162 90 172 70 181 20 189 14 190 55 191 12 192 27 193 113 194 267 195 158 196 12 197 39 198 108 199 172 200 86 202 1 
4 36 10 2 18 1 19 304 20 256 22 1 27 1 31 2 32 1 34 2 36 2 38 1 41 1 43 4 44 3 45 2 46 3 50 1 56 1 59 2 62 1 67 25 68 21 69 3 70 1 71 10 72 8 73 11 74 20 75 15 76 4 78 9 79 1 85 12 87 23 88 51 89 34 90 56 91 37 92 19 93 34 94 49 95 46 96 104 98 12 99 28 100 106 101 16 102 51 103 13 111 5 115 1 117 33 118 8 119 1 120 5 121 2 122 8 123 3 124 15 125 9 127 1 128 59 133 1 134 64 139 99 147 24 157 6 162 26 172 26 181 7 189 15 195 8 200 53 201 58 202 1 203 1 204 8 205 3 
4 44 18 3 20 565 21 1 22 4 24 1 26 1 31 1 35 2 36 1 40 1 41 28 43 10 44 1 45 1 46 8 47 4 48 6 49 2 52 7 61 2 63 2 67 43 68 58 69 20 77 9 94 11 111 2 117 122 128 74 129 59 130 7 131 30 132 20 134 26 139 15 147 80 148 2 149 5 150 8 151 4 152 4 153 16 154 24 155 15 156 41 157 6 161 18 162 32 163 33 164 7 165 16 166 34 167 2 168 1 170 1 171 1 172 6 173 12 174 7 175 2 176 6 177 2 178 2 179 5 180 7 181 1 182 2 188 1 189 34 190 11 191 3 192 35 193 184 195 1 198 52 199 69 200 9 201 1 204 7 
4 20 20 181 21 29 52 1 61 1 63 21 68 104 69 7 70 87 71 4 72 74 73 23 74 14 75 29 76 26 77 1 80 5 81 13 87 22 88 37 89 41 90 60 91 37 92 86 93 42 94 55 95 10 96 63 97 7 98 73 99 3 100 20 101 43 102 13 103 2 108 84 109 41 117 131 128 3 139 239 147 29 162 33 172 20 181 9 189 33 190 46 197 22 
4 29 21 352 46 2 68 86 79 5 85 2 94 66 109 181 110 58 111 2 112 17 113 17 114 32 115 44 116 27 117 166 118 6 120 5 121 18 122 10 123 8 124 5 125 79 126 90 128 46 129 19 130 10 131 26 132 19 139 56 145 1 147 60 148 4 149 239 150 2 162 46 172 30 181 42 190 85 197 3 198 2 200 1 203 2 
4 37 7 9 8 4 9 61 10 29 21 322 46 4 50 2 52 1 54 1 61 1 63 2 68 91 79 13 94 272 111 2 117 31 128 13 139 115 147 16 150 56 151 116 152 11 153 26 154 2 155 63 156 42 157 5 159 3 161 11 162 55 163 20 164 30 165 14 166 16 167 8 172 40 175 5 176 87 177 14 178 17 179 10 180 20 181 22 185 5 186 78 187 7 188 50 189 4 190 27 191 28 192 28 193 11 198 6 199 9 200 10 203 7 204 11 
10 54 11 35 12 42 13 58 14 29 15 47 16 28 17 51 18 74 19 68 20 115 21 65 22 99 23 101 24 86 25 48 68 47 94 137 117 33 128 115 139 388 140 110 147 55 162 36 190 3 203 76 
25 30 26 92 27 75 28 81 29 94 30 87 31 78 32 82 33 71 34 70 35 79 36 71 37 90 68 49 85 2 94 100 95 30 117 47 128 102 140 500 147 60 162 29 190 2 195 1 203 78 
37 3 38 70 39 87 40 71 41 99 42 77 43 115 44 104 45 107 46 97 47 113 48 34 49 23 68 55 95 180 117 35 128 53 140 297 147 56 162 214 190 3 203 107 
4 27 21 297 22 26 46 3 49 4 50 94 51 19 52 4 67 4 68 102 69 7 70 35 71 2 72 20 73 9 75 31 76 47 77 12 80 2 83 2 86 22 87 8 88 10 89 14 90 8 91 18 92 27 93 81 94 68 95 118 96 38 97 41 98 60 99 69 100 42 101 40 102 18 103 20 106 7 107 14 108 14 113 1 116 2 117 83 128 49 140 93 141 84 147 24 157 2 162 88 172 3 181 1 190 51 203 17 
4 47 22 565 43 1 46 5 50 2 52 5 68 59 85 22 95 49 107 5 111 4 117 123 118 50 119 1 120 35 121 13 122 17 123 100 124 19 125 23 126 1 128 34 129 6 130 4 132 12 133 2 134 4 135 7 138 3 141 105 142 1 145 33 146 93 147 86 148 6 149 20 150 48 151 17 152 1 153 14 154 24 155 19 156 6 157 51 161 6 162 64 163 23 164 12 165 21 166 19 167 12 168 34 169 20 170 14 172 7 190 22 195 3 202 1 
4 3 6 1 7 15 8 7 9 120 10 167 11 52 12 94 13 54 14 78 15 99 16 24 22 43 52 3 56 4 65 1 68 54 77 23 79 22 85 8 95 28 104 5 107 8 111 315 117 11 126 16 128 40 134 43 141 93 147 38 157 6 162 90 163 9 170 23 171 74 172 34 173 9 174 2 175 15 176 1 181 18 182 1 185 1 189 13 190 23 191 12 192 1 193 88 194 5 195 12 196 1 198 20 199 24 200 26 201 2 204 9 205 12 
16 25 17 128 18 91 19 153 20 167 21 177 22 168 23 91 52 4 56 6 65 11 77 51 79 37 85 10 95 15 104 3 107 17 111 312 117 1 126 49 128 47 134 74 141 46 147 1 157 4 163 117 172 51 181 35 190 9 193 68 195 29 198 2 200 1 
23 67 24 174 25 128 26 157 27 178 28 138 29 158 56 17 65 5 77 34 79 41 85 14 95 19 104 6 107 9 111 185 112 116 117 7 126 38 128 30 134 71 141 21 147 3 157 2 163 130 172 59 181 29 190 15 193 40 194 76 195 29 200 2 201 2 
29 32 30 137 31 191 32 159 33 200 34 194 35 87 52 5 56 9 65 11 77 56 79 60 85 8 95 22 104 1 107 15 112 315 117 2 126 20 128 36 134 75 141 32 147 2 157 4 163 120 172 68 181 24 190 9 194 85 195 19 200 2 
35 103 36 134 37 119 38 132 39 185 40 165 41 162 52 6 56 14 65 9 77 37 79 37 85 18 95 38 104 5 107 14 112 266 117 2 126 53 128 22 129 12 134 92 141 28 157 4 163 122 172 67 181 24 190 9 194 95 195 24 200 1 201 1 
22 1 41 11 42 127 43 184 44 165 45 140 46 170 47 136 48 67 52 1 56 2 63 5 77 19 79 86 85 27 95 38 104 23 107 47 112 14 117 11 126 30 129 82 134 157 141 73 147 3 157 12 163 133 172 86 181 31 190 19 194 84 195 3 198 1 200 11 201 1 
4 4 22 72 48 19 49 71 50 150 51 49 52 22 53 3 55 2 56 2 59 3 60 1 62 3 63 6 64 2 66 4 67 13 68 154 69 105 70 51 71 2 72 218 73 143 74 7 77 34 79 42 85 81 95 14 104 32 107 13 112 136 125 2 126 3 129 33 134 85 141 37 147 3 157 103 163 117 172 47 181 28 190 10 194 23 195 33 200 13 201 1 203 4 
4 6 22 21 52 1 56 12 59 4 63 13 74 129 75 114 76 110 77 49 78 11 79 55 80 66 81 272 82 137 83 100 85 68 95 50 104 46 107 7 112 76 117 34 125 94 126 9 129 118 134 7 141 24 147 1 157 21 163 174 172 54 181 88 190 1 194 11 195 7 196 8 200 2 
4 2 22 8 52 2 53 1 55 1 58 2 59 2 63 12 77 46 79 10 83 30 84 180 85 118 86 49 87 28 88 15 89 19 90 22 91 38 92 38 93 14 94 50 96 45 97 166 98 75 99 7 100 8 101 8 102 53 103 16 104 30 105 27 107 4 112 77 113 15 117 41 126 37 129 38 134 34 141 24 157 12 158 16 163 78 164 24 172 123 181 74 190 48 194 11 196 70 200 3 201 3 
4 12 22 64 52 17 53 3 55 2 56 2 60 2 62 1 63 3 64 5 65 20 68 2 77 104 79 63 85 38 95 45 104 7 105 104 106 29 107 45 108 15 111 3 112 2 113 127 114 9 115 2 116 2 117 12 118 17 119 9 120 20 121 2 122 61 123 8 124 22 125 37 126 13 127 44 128 31 129 208 130 117 131 148 132 98 134 15 141 25 158 9 164 83 172 115 173 7 181 46 190 3 194 14 196 104 200 1 203 3 
4 2 22 22 60 1 63 4 64 1 79 7 85 41 95 166 105 17 107 8 113 215 117 22 126 10 129 56 132 44 133 120 134 171 135 66 136 61 137 178 138 217 139 202 141 9 147 1 158 3 164 67 173 18 181 153 190 5 194 86 198 3 201 7 203 17 
4 6 22 73 46 4 52 4 53 28 55 9 56 1 58 3 59 2 60 2 63 8 64 1 77 12 79 73 85 60 95 75 105 11 107 53 113 18 117 46 126 7 129 37 134 118 139 38 140 72 141 136 142 40 143 55 144 295 145 149 148 3 149 3 150 5 151 7 156 11 157 67 158 77 159 89 164 76 173 95 181 61 190 3 194 54 196 11 200 1 201 1 
56 11 59 1 62 1 77 28 79 3 85 69 95 7 105 6 107 37 113 359 117 22 126 9 129 4 134 14 141 33 158 29 159 141 160 319 161 406 162 83 163 51 164 8 173 10 181 201 194 75 196 36 198 3 200 8 203 26 
22 15 55 13 56 19 60 1 62 3 63 4 64 3 65 6 68 45 77 106 79 20 85 42 95 8 105 19 107 22 113 244 117 13 126 4 129 1 134 12 141 12 158 67 163 193 164 243 165 139 166 208 167 221 173 40 181 46 182 75 190 1 194 79 196 35 200 23 201 2 203 16 
4 2 22 6 52 1 53 1 63 1 65 4 66 4 68 2 77 16 79 43 85 40 95 8 105 7 107 19 113 24 114 78 117 37 118 47 126 43 129 74 134 47 141 97 147 46 158 7 164 77 167 106 168 119 169 129 170 128 171 214 172 70 173 72 174 142 175 60 182 98 190 6 194 95 196 1 198 3 200 24 201 1 203 1 
4 5 22 32 52 4 55 5 59 57 60 5 63 8 65 1 66 12 77 51 79 13 85 18 95 53 105 14 107 31 114 12 118 58 125 24 126 11 129 215 134 7 135 33 141 41 147 4 158 24 164 109 173 46 175 147 176 96 177 84 178 88 179 84 180 100 181 23 182 21 184 21 185 31 186 26 187 8 188 108 189 33 190 23 191 37 192 1 193 6 194 97 196 5 198 35 200 32 203 1 
4 10 7 2 8 2 9 18 10 39 11 11 12 22 13 16 14 13 15 17 16 4 17 39 18 19 19 19 20 18 21 31 22 82 23 86 24 22 25 71 26 24 27 30 52 1 53 2 56 4 57 20 58 12 60 5 61 25 63 6 65 9 77 13 79 2 85 20 95 16 105 12 107 2 114 127 118 35 126 4 129 58 135 4 141 66 147 205 148 131 164 66 173 7 182 5 194 68 195 46 196 28 197 51 198 131 199 45 200 56 201 7 203 5 204 62 205 49 
4 30 23 249 27 11 28 24 29 34 30 38 31 6 32 33 33 35 34 18 35 23 36 64 37 65 38 69 39 19 40 25 41 36 42 47 43 9 44 9 45 8 46 13 47 11 48 7 49 4 50 6 51 3 58 38 61 18 68 30 69 52 70 32 71 3 72 23 73 12 74 16 75 81 76 17 87 5 88 3 89 6 90 1 91 5 92 23 93 32 94 46 95 30 96 7 105 44 118 85 129 56 141 6 148 426 164 5 173 1 182 1 
4 35 23 601 46 4 52 2 61 4 68 25 95 27 96 104 97 17 98 11 99 6 100 19 101 7 102 14 103 12 104 44 106 5 117 38 118 48 119 3 120 40 121 11 122 33 123 9 124 17 125 9 128 18 129 17 130 6 131 6 132 17 135 2 141 41 147 2 148 75 149 34 150 1 151 110 152 211 153 76 155 29 156 1 157 1 158 1 161 6 162 2 163 21 164 14 173 4 182 6 190 20 
4 16 7 3 8 1 9 14 10 18 11 2 12 6 13 3 14 16 15 8 16 7 17 15 18 19 19 15 20 18 21 13 22 20 23 97 24 97 25 14 26 19 27 18 28 12 29 17 30 5 31 20 32 31 33 13 34 14 35 17 36 18 37 10 38 25 39 28 40 7 41 19 42 14 43 26 44 39 45 18 46 76 47 9 52 3 58 2 61 1 68 21 85 7 96 29 105 5 114 4 118 34 129 3 141 114 142 446 148 28 158 1 163 4 164 136 165 67 166 42 167 4 169 1 170 1 176 2 177 6 178 13 179 13 180 9 181 21 182 7 186 1 188 9 190 49 191 24 192 16 193 4 196 1 198 2 199 2 200 2 203 2 204 4 205 3 
4 21 24 114 47 15 48 10 49 11 50 44 51 9 52 4 68 162 69 76 70 20 72 19 73 8 75 8 76 10 85 14 86 5 87 8 88 17 89 9 90 15 91 14 92 47 93 13 94 7 95 4 96 45 97 8 98 53 99 37 100 22 101 19 102 31 103 2 108 29 109 39 110 1 111 2 113 1 114 2 115 12 116 266 117 8 118 228 119 4 120 21 121 12 122 2 123 2 125 22 129 3 142 183 148 14 164 63 190 141 203 8 
4 19 6 1 7 1 8 3 9 29 10 33 11 18 12 3 13 16 14 3 15 14 16 5 17 39 18 56 19 20 20 18 21 19 22 8 24 394 46 3 50 9 68 35 69 17 79 84 85 14 96 15 107 29 118 29 125 40 128 32 129 8 130 6 131 1 132 13 134 12 136 1 137 4 138 4 141 1 142 142 143 7 144 3 145 9 146 29 147 43 148 13 149 4 150 17 151 90 152 2 153 5 154 6 155 1 156 2 157 2 158 9 161 22 162 42 163 44 164 58 165 6 166 37 167 2 168 13 169 11 170 6 171 27 173 21 182 157 184 1 189 6 190 53 191 10 192 6 193 11 201 2 204 16 205 9 
4 4 22 15 23 24 24 77 25 39 26 29 27 30 28 19 29 35 30 22 31 25 32 43 33 26 34 14 35 31 36 34 37 40 38 31 39 30 40 35 41 22 42 50 43 32 44 33 45 30 46 25 47 11 48 7 49 6 50 24 51 4 52 3 61 3 63 8 67 9 68 45 69 81 70 85 79 41 80 181 107 39 148 2 158 5 173 170 182 479 196 2 
4 8 24 174 46 3 53 2 63 2 64 151 65 7 66 99 70 74 71 34 72 84 73 58 74 468 75 260 76 22 80 58 107 1 142 2 158 1 164 8 173 25 182 171 183 171 196 117 
4 18 24 170 25 65 50 1 63 3 64 112 76 175 77 5 78 2 80 2 81 2 86 4 87 315 88 312 89 185 96 3 107 2 173 14 183 608 202 1 203 1 
4 20 25 268 46 1 63 8 64 21 65 46 80 17 89 116 90 315 91 266 92 14 93 136 94 76 95 77 96 2 164 1 173 21 183 221 184 368 196 4 202 2 
4 13 25 170 63 2 65 69 66 70 80 17 85 1 95 15 96 127 97 215 98 18 99 359 100 244 101 24 107 1 142 2 158 33 173 13 184 529 196 78 
4 12 25 304 46 1 63 1 65 49 66 30 80 32 96 9 101 78 102 12 103 127 106 4 107 2 117 94 118 40 119 241 120 113 121 99 122 192 142 1 148 1 158 10 164 1 173 38 184 103 185 319 196 86 202 1 
4 22 25 193 26 142 46 5 53 1 55 11 62 1 65 69 66 37 77 1 80 44 96 2 107 12 118 1 122 201 123 269 124 27 125 13 129 1 132 7 133 2 134 2 135 3 138 1 141 3 142 1 145 16 146 21 147 34 148 16 149 66 150 38 151 30 152 6 153 117 154 103 155 25 158 1 173 33 185 346 196 76 198 1 
4 5 18 1 26 85 46 2 53 7 63 6 65 34 66 54 67 32 68 14 80 27 85 2 96 2 107 266 129 30 135 1 142 1 155 105 156 117 157 19 158 28 161 1 162 14 163 14 164 36 165 13 166 30 167 1 168 8 169 1 170 2 171 6 173 109 174 1 176 8 177 29 178 44 179 42 180 68 181 22 182 7 185 308 186 9 188 33 189 3 190 6 191 18 192 71 193 5 196 10 198 62 199 65 200 32 201 12 204 68 205 4 
4 1 26 7 52 1 53 18 55 3 56 2 59 11 63 2 65 2 68 1 69 71 70 27 71 6 72 12 73 2 74 1 75 13 77 33 78 122 79 131 80 166 81 31 82 33 83 47 84 35 85 83 86 123 87 11 88 1 89 7 90 2 91 2 92 11 94 34 95 41 96 12 97 22 98 46 99 22 100 13 101 37 105 38 107 8 114 94 126 2 129 100 135 7 142 41 148 22 158 34 164 177 173 57 185 27 186 61 190 16 194 49 196 19 200 3 
4 5 26 71 43 1 53 4 56 3 59 8 60 3 63 2 65 10 66 13 69 22 77 8 80 6 86 50 96 17 101 47 102 58 103 35 104 85 105 48 106 34 107 228 108 29 114 40 115 1 125 3 126 116 127 31 128 74 129 100 130 340 135 47 142 63 148 7 158 4 164 76 165 6 173 29 186 51 190 44 194 25 196 156 
4 12 5 12 26 414 56 2 60 1 65 1 66 12 69 68 77 1 86 1 96 9 105 3 107 4 114 241 126 11 130 23 131 93 132 127 133 141 134 81 135 56 136 128 137 330 138 34 142 4 148 9 158 5 165 13 173 9 186 81 190 14 194 15 196 40 198 1 203 4 
5 15 26 157 55 1 58 44 60 4 62 1 63 9 69 64 77 5 80 5 86 35 96 20 105 40 107 21 114 113 126 54 130 36 135 71 138 195 139 96 140 67 141 289 142 383 148 6 158 17 165 49 173 55 186 74 190 1 194 16 196 35 200 20 201 1 203 1 
5 16 26 76 55 1 58 30 60 1 63 13 66 1 69 76 77 2 80 18 86 13 96 2 105 11 107 12 114 99 126 27 130 33 135 17 142 258 143 112 144 99 145 98 146 2 147 40 148 21 149 92 150 256 151 17 152 1 154 1 155 2 156 40 158 15 165 46 173 80 186 325 190 2 194 24 196 11 198 3 200 7 
5 5 26 48 27 118 53 1 55 4 56 15 63 13 65 20 69 50 77 8 80 10 86 17 96 61 105 33 107 2 114 192 115 201 126 1 130 7 135 11 142 1 156 3 157 24 158 37 159 44 160 55 161 106 162 23 163 39 164 14 165 37 166 31 167 36 168 306 169 280 173 59 174 21 186 36 190 12 194 17 196 2 
5 8 27 283 53 3 56 5 59 1 60 2 63 1 65 13 69 10 77 3 80 8 86 100 96 8 105 9 107 2 115 269 126 6 130 19 135 31 142 20 148 25 165 46 169 53 170 326 171 90 172 81 173 73 174 80 175 71 176 114 177 113 178 17 186 32 190 5 194 26 196 25 198 20 200 1 202 1 
5 10 27 269 59 13 63 3 65 1 66 61 69 26 77 15 80 5 86 19 96 22 105 17 115 27 126 1 130 3 135 12 142 21 148 1 158 19 165 42 174 28 178 100 179 108 180 143 181 82 182 354 183 5 184 34 185 67 186 57 187 3 188 51 190 17 194 2 196 63 197 279 198 20 
5 5 7 2 8 2 9 2 10 10 11 7 12 2 13 5 14 3 15 3 16 2 17 7 18 14 19 11 20 5 21 7 22 6 23 7 24 5 25 14 26 13 27 108 28 5 29 7 30 6 31 18 32 31 34 1 35 8 36 8 37 14 38 12 39 24 40 8 41 15 42 37 43 14 44 14 53 2 55 28 59 1 62 1 63 1 66 4 68 1 69 84 72 1 76 3 77 9 80 79 86 23 93 2 94 94 96 37 102 24 105 9 107 22 108 40 115 13 118 3 130 89 135 10 142 27 143 104 147 2 148 147 153 1 154 1 156 2 157 12 158 3 165 115 174 21 186 34 188 84 189 17 190 21 191 10 192 48 193 63 194 174 195 10 196 1 197 16 198 8 201 11 204 26 
5 17 7 2 9 22 10 40 11 7 12 7 13 16 14 2 15 17 16 7 17 13 18 16 27 205 44 9 45 16 46 22 47 15 48 11 49 10 50 16 51 4 69 217 73 1 76 1 80 90 86 1 87 16 88 49 89 38 90 20 91 53 92 30 93 3 94 9 95 37 96 13 97 10 98 7 99 9 100 4 101 43 102 11 103 4 117 2 118 116 119 11 120 54 121 27 122 1 123 6 124 1 128 3 129 4 130 111 132 6 138 1 139 10 141 16 142 2 143 68 144 96 148 48 149 1 150 3 151 2 158 1 165 81 168 21 169 24 170 22 171 36 173 1 174 25 176 1 190 21 191 6 195 1 197 1 198 3 200 1 204 22 205 4 
18 1 19 45 20 29 21 27 22 28 23 24 24 42 25 30 26 24 27 33 28 23 29 23 30 29 31 57 32 18 33 38 34 35 35 29 36 38 37 35 38 18 39 35 40 22 41 20 42 29 43 37 44 37 45 39 46 41 47 34 48 22 49 14 50 31 51 7 67 7 68 3 69 133 77 1 96 44 118 31 130 557 131 161 148 10 165 2 190 56 197 1 
5 6 27 37 28 82 52 16 53 4 61 1 62 11 63 1 68 70 69 73 70 16 71 39 72 30 73 10 74 45 75 36 76 103 77 59 78 74 79 3 80 46 81 13 82 115 83 102 84 53 85 49 86 34 87 40 88 47 89 30 90 36 91 22 96 31 105 18 108 32 118 74 126 3 131 17 143 1 148 35 149 89 158 112 165 34 174 21 186 23 190 207 
5 19 28 211 50 1 52 5 62 2 63 3 69 31 78 59 80 19 86 6 91 12 92 82 93 33 94 118 95 38 96 208 97 56 98 37 99 4 100 1 101 74 102 215 103 58 104 56 105 17 106 3 107 3 108 8 115 1 116 30 117 100 118 100 126 4 131 47 135 114 143 6 149 43 158 54 165 2 174 23 186 77 190 13 197 3 201 2 202 1 203 1 
5 12 28 166 46 5 52 11 58 1 69 128 70 148 78 7 80 10 86 4 96 117 105 6 108 6 118 340 119 23 120 36 121 33 122 7 123 19 124 3 125 89 126 111 127 557 131 17 143 6 149 6 158 2 165 8 174 7 186 2 190 33 197 2 203 78 
5 13 28 397 46 1 52 5 55 1 58 1 70 137 78 30 80 26 96 148 105 6 108 1 119 93 127 161 128 17 129 47 130 17 132 158 133 5 134 2 135 13 136 1 141 1 143 1 147 30 148 9 149 101 150 76 151 73 152 213 153 43 154 8 155 11 156 109 158 5 165 3 174 1 190 2 191 22 
5 3 7 4 8 3 9 11 10 18 11 8 12 6 13 11 14 11 15 5 16 8 17 20 18 22 19 12 20 12 21 16 22 27 23 7 24 12 25 29 26 39 27 13 28 15 52 2 53 3 54 12 61 1 62 2 70 100 78 20 80 19 86 12 96 98 97 44 105 17 108 13 115 7 119 127 126 6 131 158 135 1 143 14 149 128 156 35 157 82 158 32 159 1 163 7 165 36 168 17 169 11 170 12 171 24 172 28 173 12 174 10 175 6 176 1 177 7 178 10 179 12 180 6 181 9 182 8 185 1 186 86 187 1 188 14 189 2 190 22 191 71 192 20 193 15 194 28 195 2 196 1 197 2 198 87 199 93 200 49 201 1 203 2 204 31 205 10 
5 24 28 137 29 278 30 14 31 23 32 11 33 10 34 9 35 15 36 22 37 13 38 19 39 22 40 14 41 19 42 12 43 21 44 19 45 20 46 28 47 25 48 17 49 20 50 19 51 5 54 1 67 1 68 98 69 124 70 145 71 29 72 47 73 82 74 16 75 51 76 79 77 1 86 2 97 120 115 2 119 141 131 5 135 19 143 32 149 92 165 56 174 9 186 18 191 11 202 2 203 1 
5 10 29 339 46 1 52 2 70 101 77 64 78 26 86 4 87 43 88 74 89 71 90 75 91 92 92 157 93 85 94 7 95 34 96 15 97 171 98 118 99 14 100 12 101 47 102 7 108 12 115 2 119 81 131 2 135 17 143 4 149 237 158 3 165 9 174 5 186 7 191 41 197 1 198 1 200 9 
5 30 29 397 30 18 46 3 52 1 58 4 70 150 86 7 97 66 102 33 103 4 105 2 115 3 116 1 117 7 118 47 119 56 120 71 121 17 122 11 123 31 124 12 125 10 129 114 131 13 132 1 133 19 134 17 136 2 137 3 138 2 139 1 141 6 142 2 143 3 145 6 147 17 148 2 149 149 150 14 151 32 152 94 153 120 154 59 155 12 156 34 157 20 158 89 159 20 161 1 165 51 166 1 168 6 169 15 170 17 174 12 191 23 200 3 202 1 
5 22 6 1 7 4 9 30 10 65 11 31 12 20 13 28 14 16 15 26 16 14 17 57 18 9 30 581 46 1 52 1 58 6 61 5 70 48 97 61 108 1 119 128 131 1 135 2 149 98 165 25 170 3 171 18 172 30 175 7 178 1 189 7 190 47 191 13 192 46 193 50 194 1 197 11 198 199 199 248 200 2 201 13 202 1 204 16 205 6 
18 36 19 56 20 34 21 41 22 55 23 44 24 41 25 86 26 73 27 39 28 27 29 39 30 56 31 43 32 61 33 44 34 43 35 35 36 139 37 8 52 3 58 25 61 3 70 134 97 178 108 4 119 330 135 3 149 65 150 178 165 22 191 6 197 48 203 1 
30 18 37 108 38 86 39 58 40 50 41 40 42 75 43 64 44 64 45 67 46 69 47 77 48 25 49 37 50 58 51 23 52 2 58 10 61 1 67 6 68 11 69 17 70 116 71 7 72 19 73 2 74 1 75 16 86 3 97 217 108 4 115 1 119 34 120 195 126 1 135 2 143 1 150 291 165 53 174 1 191 12 197 50 200 5 203 3 
5 6 30 37 46 1 52 71 61 2 65 1 70 29 71 403 75 73 76 15 77 99 78 15 79 239 80 56 81 115 82 388 97 202 98 38 120 96 126 10 135 1 143 4 150 58 165 1 191 39 202 1 
52 210 58 3 71 563 82 110 83 500 84 297 85 93 98 72 120 67 150 13 191 72 
5 9 30 92 58 13 61 8 65 3 71 34 72 36 85 84 86 105 87 93 88 46 89 21 90 32 91 28 92 73 93 37 94 24 95 24 96 25 97 9 98 136 99 33 100 12 101 97 102 41 103 66 104 6 105 41 106 114 108 1 115 3 120 289 126 16 131 1 135 6 143 21 150 203 165 16 174 1 186 6 191 87 197 8 
5 4 30 43 46 1 52 1 54 24 65 19 72 72 86 1 98 40 106 446 107 183 108 142 110 2 113 2 114 1 115 1 116 1 117 41 118 63 119 4 120 383 121 258 122 1 123 20 124 21 125 27 126 2 135 2 143 9 150 131 165 18 191 33 197 3 203 1 
5 18 30 211 31 308 46 1 52 14 65 3 72 114 98 55 108 7 121 112 125 104 126 68 128 1 129 6 130 6 131 1 132 14 133 32 134 4 135 3 138 1 139 4 141 21 142 9 144 3 145 33 146 75 147 35 148 9 149 13 150 96 151 15 152 26 153 284 154 141 155 18 156 10 165 2 191 35 197 1 200 2 202 2 203 1 
5 4 31 68 52 1 54 47 58 1 65 2 72 127 98 295 108 3 121 99 126 96 143 3 150 57 151 78 156 132 157 53 158 3 159 10 163 1 164 1 165 12 168 37 169 27 170 37 171 53 172 58 173 30 174 16 175 76 176 55 177 98 178 54 179 55 180 117 181 90 191 96 197 7 203 1 
5 3 7 4 8 1 9 33 10 53 11 6 12 15 13 17 14 4 15 17 16 4 17 38 18 15 19 52 20 51 21 51 22 42 31 8 52 2 53 1 54 19 55 3 58 6 60 2 63 10 65 49 72 156 80 1 86 33 98 149 108 9 115 16 121 98 135 6 143 33 151 90 165 14 174 33 181 33 182 18 185 7 186 195 187 167 188 79 189 32 190 4 191 48 192 4 193 6 194 23 195 8 196 3 197 19 198 31 199 44 200 14 201 12 204 60 205 49 
22 8 23 41 24 43 25 76 26 22 27 43 28 43 29 75 30 58 31 44 32 41 33 68 34 61 35 58 36 69 37 64 38 49 39 40 40 35 41 26 42 36 53 27 55 11 60 15 63 32 65 89 86 93 108 29 115 21 121 2 143 75 151 29 174 73 187 491 197 13 
5 8 31 238 42 37 43 31 44 30 45 54 46 33 47 24 48 4 49 17 50 29 51 8 53 5 55 39 56 3 59 2 60 29 63 8 65 1 66 2 68 7 69 4 70 7 72 10 73 2 74 5 75 5 77 24 78 80 79 29 80 60 81 16 82 55 83 60 84 56 85 24 86 86 87 38 88 1 89 3 90 2 92 3 93 3 94 1 97 1 101 46 102 4 103 205 105 2 108 43 115 34 121 40 125 2 131 30 135 17 143 35 151 184 158 6 165 45 174 68 187 42 194 3 197 9 203 1 
5 23 31 378 32 219 46 1 55 1 56 1 58 1 62 12 63 4 65 3 78 2 80 4 86 6 98 3 103 131 104 426 105 75 106 28 107 14 108 13 109 2 114 1 115 16 117 22 118 7 119 9 120 6 121 21 123 25 124 1 125 147 126 48 127 10 128 35 131 9 135 2 143 9 151 102 158 27 165 108 174 10 187 16 194 17 197 1 200 1 203 3 
5 2 32 39 53 40 55 6 56 8 62 39 63 12 65 9 78 5 80 239 86 20 98 3 105 34 108 4 115 66 121 92 126 1 128 89 129 43 130 6 131 101 132 128 133 92 134 237 135 149 136 98 137 65 143 13 151 42 158 17 165 77 166 51 174 130 187 23 194 5 195 3 197 11 200 1 
5 8 32 165 46 2 53 9 56 2 59 3 60 4 63 1 78 8 80 2 81 56 86 48 98 5 105 1 108 17 115 38 121 256 126 3 131 76 135 14 137 178 138 291 139 58 140 13 141 203 142 131 143 96 144 57 151 10 158 57 166 55 174 71 187 39 197 10 200 11 201 2 
5 8 32 112 43 3 52 18 53 10 55 70 59 17 60 8 62 3 65 3 78 4 81 116 86 17 98 7 105 110 108 90 115 30 121 17 126 2 131 73 135 32 143 15 144 78 145 90 146 29 147 184 148 102 149 42 150 10 152 14 153 16 154 9 157 28 158 89 159 176 160 139 166 76 174 18 187 82 191 1 195 1 197 13 202 1 203 1 
5 3 32 77 50 9 55 44 56 45 59 19 60 15 66 4 78 4 81 11 86 1 105 211 108 2 115 6 121 1 131 213 135 94 143 26 151 14 158 4 160 89 161 161 162 387 163 155 164 54 165 154 166 2 174 3 187 16 191 1 197 175 
5 1 53 11 55 24 59 1 60 44 62 1 63 29 66 3 78 16 81 26 86 14 105 76 108 5 115 117 125 1 131 43 135 120 143 284 151 16 158 95 165 73 166 105 167 171 168 3 170 1 172 102 173 47 174 39 175 173 176 40 177 118 178 89 179 77 187 17 197 18 
5 5 32 34 52 5 53 4 60 10 66 72 78 24 81 2 86 24 108 6 115 103 121 1 125 1 131 8 135 59 143 141 151 9 158 8 166 35 179 42 180 57 181 33 182 63 184 131 185 32 186 17 187 2 188 10 189 614 191 2 195 1 197 1 200 442 203 2 
5 6 32 86 53 10 55 24 63 2 65 2 66 34 78 15 81 63 86 19 105 29 108 1 115 25 116 105 121 2 131 11 135 12 143 18 158 4 166 47 174 49 187 11 189 141 190 352 191 451 192 56 195 10 197 85 200 4 201 326 
5 6 32 105 52 1 53 7 56 62 58 2 59 1 60 31 62 1 66 8 78 41 81 42 86 6 98 11 105 1 108 2 116 117 121 40 122 3 125 2 131 109 132 35 135 34 143 10 144 132 158 3 166 94 174 7 187 6 191 8 192 312 193 183 194 149 195 366 201 63 
5 24 7 1 10 3 11 3 15 1 17 8 18 7 19 5 20 1 21 2 22 3 23 2 24 3 25 5 26 2 27 6 30 4 31 10 32 171 33 107 34 2 35 1 36 4 37 4 38 5 39 7 40 2 41 2 42 6 43 6 44 10 45 11 46 11 47 5 48 3 49 3 50 5 51 1 53 1 56 2 60 1 62 1 63 12 65 6 67 4 68 20 69 27 70 5 71 1 72 64 73 73 74 42 75 24 76 9 77 6 78 6 81 5 85 2 86 51 87 6 88 4 89 2 90 4 91 4 92 12 93 103 94 21 95 12 98 67 105 1 108 2 116 19 122 24 125 12 132 82 135 20 144 53 151 28 158 30 166 74 174 105 187 20 191 44 195 71 196 48 197 204 198 8 199 8 200 22 201 9 202 1 203 1 204 42 205 19 
5 41 33 358 46 1 52 1 61 30 63 1 65 15 72 89 95 16 96 9 97 3 98 77 99 29 100 67 101 7 102 24 105 1 106 1 108 9 109 5 110 1 113 33 114 10 115 1 116 28 117 34 118 4 119 5 120 17 121 15 122 37 124 19 125 3 126 1 128 112 129 54 130 2 131 5 132 32 134 3 135 89 144 3 147 6 148 27 149 17 150 57 151 89 152 4 153 95 154 8 155 4 156 3 157 30 159 19 161 11 162 29 163 13 164 3 166 29 174 87 191 64 198 15 201 6 
5 31 7 1 8 3 9 48 10 78 11 20 12 21 13 42 14 27 15 44 16 12 17 57 18 39 19 29 33 289 46 3 61 5 63 3 72 62 81 3 98 89 99 141 122 44 132 1 135 20 144 10 151 176 158 19 164 57 165 78 166 94 167 3 168 7 169 9 170 8 171 9 172 2 173 2 174 14 175 1 176 5 177 9 178 6 179 6 180 6 181 4 186 11 187 1 188 8 189 23 190 98 191 88 192 41 193 33 196 1 197 3 198 11 199 6 200 8 201 20 204 10 205 1 
19 18 20 52 21 76 22 71 23 71 24 59 25 51 26 60 27 38 28 75 29 55 30 52 31 42 32 75 33 67 34 53 35 60 36 25 61 22 72 70 99 319 122 55 151 139 152 89 191 228 192 76 203 2 
5 1 33 10 36 22 37 62 38 58 39 50 40 50 41 57 42 47 43 43 44 58 45 48 46 66 47 80 48 35 49 34 50 64 51 15 53 1 55 4 61 6 65 1 67 10 68 110 69 78 70 13 72 108 78 18 81 11 86 6 99 406 105 6 108 22 116 1 122 106 135 1 152 161 158 11 166 1 174 1 187 47 192 70 201 1 
5 2 33 39 46 1 52 14 53 3 55 11 62 8 65 1 71 18 72 242 73 46 74 35 75 93 76 90 77 26 78 32 79 33 80 46 81 55 82 36 83 29 84 214 85 88 86 64 87 90 99 83 105 2 108 42 116 14 122 23 152 387 158 29 166 15 187 31 192 52 197 2 201 4 
5 13 33 79 46 1 52 14 53 2 54 2 55 2 65 2 73 161 78 33 81 20 86 23 87 9 88 117 89 130 90 120 91 122 92 133 93 117 94 174 95 78 99 51 100 193 105 21 106 4 108 44 116 14 122 39 132 7 144 1 152 155 158 13 166 3 187 28 192 72 197 1 203 2 
5 16 33 121 34 63 46 2 52 2 53 2 55 11 62 7 66 1 73 72 78 7 81 30 86 12 95 24 96 83 97 67 98 76 99 8 100 243 101 77 102 109 103 66 104 5 105 14 106 136 107 63 108 58 110 8 112 1 114 1 116 36 117 177 118 76 122 14 144 1 152 54 158 3 159 57 166 50 174 6 187 13 188 61 192 38 197 9 201 20 
5 3 34 21 52 9 53 1 55 6 62 91 66 1 73 152 78 16 81 14 86 21 100 139 106 67 108 6 116 13 118 6 119 13 120 49 121 46 122 37 123 46 124 42 125 115 126 81 127 2 128 34 129 2 130 8 131 3 132 36 133 56 134 9 135 51 136 25 137 22 138 53 139 1 141 16 142 18 143 2 144 12 145 14 147 45 148 108 149 77 152 154 153 73 159 78 166 6 188 15 192 63 197 18 203 4 
5 1 34 58 52 1 53 2 55 7 62 3 65 1 73 133 78 34 81 16 86 19 100 208 106 42 108 37 116 30 122 31 135 1 149 51 150 55 151 76 152 2 153 105 154 35 155 47 156 94 157 74 158 29 159 94 161 1 162 15 163 3 164 50 165 6 167 36 168 53 169 36 170 35 171 110 172 73 173 16 174 14 175 30 188 51 192 107 197 10 201 10 203 2 
5 2 34 18 52 3 53 1 62 2 65 6 73 204 78 2 81 8 86 12 100 221 101 106 106 4 108 2 116 1 122 36 153 171 159 3 166 36 175 6 176 21 177 28 178 30 179 35 180 64 181 12 182 102 184 14 185 10 186 61 187 5 188 187 189 11 190 66 191 46 192 67 193 28 194 26 195 20 196 5 197 5 198 86 199 83 200 46 201 9 204 61 205 28 
6 2 7 7 8 4 9 72 10 109 11 40 12 16 13 43 14 26 15 28 16 31 17 109 18 109 19 124 20 112 21 113 22 42 43 3 52 19 58 4 73 90 78 1 86 34 101 119 108 13 116 8 122 306 126 21 132 17 135 6 144 37 153 3 159 7 166 53 174 35 188 57 192 69 197 15 201 6 203 77 205 13 
22 47 23 125 24 90 25 95 26 98 27 112 28 86 29 105 30 79 31 163 43 1 52 33 58 11 73 80 86 20 101 129 106 1 108 11 116 1 122 280 123 53 126 24 132 11 135 15 144 27 159 9 166 36 174 30 188 54 192 50 197 23 201 16 203 85 
31 12 32 115 33 112 34 82 35 113 36 81 37 96 38 97 39 127 40 98 41 67 43 1 52 19 58 12 73 78 78 1 86 14 87 23 101 128 106 1 108 6 116 2 123 326 126 22 132 12 135 17 136 3 144 37 153 1 159 8 166 35 174 42 175 4 188 44 192 62 197 19 201 8 203 75 
34 11 41 26 42 72 43 105 44 164 45 128 46 102 47 99 48 56 49 86 50 113 51 28 52 3 67 4 68 17 73 7 74 48 78 1 87 74 101 214 108 27 116 6 123 90 126 36 132 24 136 18 144 53 159 9 166 110 175 65 188 66 192 97 197 22 201 10 203 9 
5 26 34 308 65 4 67 1 68 14 69 25 70 20 71 16 72 8 73 4 74 58 75 8 76 70 77 26 78 6 79 20 80 30 81 40 85 3 86 7 87 34 88 51 89 59 90 68 91 67 92 86 93 47 94 54 95 123 96 115 101 70 123 81 132 28 136 30 144 58 153 102 159 2 166 73 175 20 188 25 192 96 201 17 
5 40 34 521 35 4 46 3 52 10 74 41 78 12 87 9 96 7 97 18 98 95 99 10 100 40 101 72 102 46 103 7 104 1 105 4 108 21 109 170 110 25 111 14 112 21 113 13 114 38 115 33 116 109 117 57 118 29 119 9 120 55 121 80 122 59 123 73 126 1 132 12 144 30 153 47 159 2 166 16 175 82 188 3 192 54 197 2 201 4 203 1 
5 51 35 576 46 5 58 1 61 6 74 59 78 7 87 2 101 142 116 1 122 21 123 80 124 28 125 21 126 25 128 21 129 23 130 7 131 1 132 10 133 9 134 5 135 12 138 1 141 1 144 16 145 33 146 73 147 68 148 10 149 130 150 71 151 18 152 3 153 39 155 49 156 7 157 105 158 87 159 14 161 1 164 6 166 14 168 35 169 30 170 42 175 21 188 3 192 7 197 2 202 1 
5 10 35 111 52 2 61 1 74 167 78 2 81 5 87 15 101 60 102 147 123 71 132 6 136 7 144 76 153 173 159 1 166 30 167 6 170 4 171 65 172 20 173 82 174 21 176 47 177 126 178 140 179 126 180 180 181 112 182 44 185 15 186 18 192 28 193 63 201 2 203 17 
5 30 6 1 7 6 8 17 9 57 10 108 11 24 12 90 13 13 35 284 46 2 58 5 74 128 78 6 81 87 87 1 102 96 106 2 116 8 123 114 126 1 132 1 144 55 153 40 159 5 167 21 175 47 186 85 187 94 188 128 189 37 190 72 191 36 192 46 193 65 195 13 196 45 197 23 198 10 199 9 200 8 203 2 204 50 205 28 
13 72 14 24 15 47 16 29 17 73 18 80 19 116 20 92 21 93 22 100 23 103 24 85 25 86 52 1 58 12 74 252 78 2 81 14 102 84 106 6 116 29 123 113 132 7 144 98 153 118 159 9 167 28 175 126 193 87 198 3 203 11 
25 25 26 133 27 169 28 94 29 103 30 85 31 131 32 105 33 80 34 75 52 6 58 34 74 203 78 2 81 17 102 88 106 13 116 44 123 17 124 100 132 10 136 1 144 54 153 89 159 6 167 30 175 140 193 133 198 1 203 12 
34 21 35 108 36 108 37 102 38 138 39 136 40 137 41 105 42 105 43 40 52 6 58 20 74 47 75 153 78 5 81 10 102 84 106 13 116 42 124 108 132 12 144 55 153 77 154 42 159 6 167 35 175 126 193 141 198 1 203 17 
5 7 35 25 36 31 43 59 44 114 45 123 46 96 47 96 48 47 49 84 50 95 51 23 58 1 63 5 66 1 67 10 68 26 69 104 70 15 71 41 72 29 73 17 74 11 75 81 78 7 81 20 102 100 106 9 116 68 124 143 132 6 144 117 154 57 159 6 167 64 175 180 188 4 193 29 198 3 203 9 204 37 
5 10 36 116 63 20 75 238 76 20 77 7 78 1 79 9 80 42 81 22 85 1 87 18 88 35 89 29 90 24 91 24 92 31 93 28 94 88 95 74 96 46 97 153 98 61 99 201 100 46 102 23 106 21 116 22 124 82 132 9 144 90 145 33 154 33 159 4 167 12 175 112 188 89 193 121 198 5 
5 6 36 168 63 1 75 151 78 2 87 1 100 75 101 98 102 21 103 5 104 1 105 6 106 7 108 157 109 479 110 171 116 7 124 354 132 8 145 18 154 63 167 102 175 44 188 17 193 36 197 1 202 1 
5 40 36 685 37 262 43 1 46 1 75 3 110 171 111 608 112 221 124 5 202 3 
5 48 37 656 67 1 75 86 102 21 108 1 112 368 113 529 114 103 124 34 154 131 167 14 193 2 201 4 202 2 
5 51 37 82 38 677 75 5 81 5 87 1 102 31 114 319 115 346 116 308 117 27 124 67 132 1 145 7 154 32 167 10 175 15 193 6 201 8 202 2 
5 5 38 139 46 58 63 5 75 211 81 78 102 26 106 1 116 9 117 61 118 51 119 81 120 74 121 325 122 36 123 32 124 57 125 34 128 23 129 77 130 2 132 86 133 18 134 7 141 6 145 195 154 17 159 11 167 61 175 18 176 85 188 34 193 32 198 1 204 44 
5 43 38 184 39 576 43 1 46 2 63 4 75 5 81 7 102 8 124 3 132 1 145 167 146 491 147 42 148 16 149 23 150 39 151 82 152 16 153 17 154 2 155 11 156 6 157 20 159 1 161 47 162 31 163 28 164 13 167 5 176 94 188 3 193 4 198 7 202 1 
5 13 39 124 46 1 52 10 58 1 63 1 75 120 78 1 81 50 102 108 106 9 116 33 124 51 125 84 132 14 145 79 154 10 159 8 164 61 165 15 166 51 167 187 168 57 169 54 170 44 171 66 172 25 173 3 174 3 176 128 180 4 181 89 182 17 186 34 187 3 189 7 190 24 191 37 192 105 193 44 195 10 196 40 197 24 198 59 199 64 202 1 204 17 
5 1 9 7 10 18 11 6 17 12 18 8 19 60 20 27 21 22 22 38 23 18 24 46 25 10 26 16 27 19 28 25 29 32 30 27 31 18 32 11 33 23 34 37 35 15 36 8 37 8 38 18 39 27 40 20 41 23 42 7 43 16 44 19 45 33 46 14 47 17 48 8 49 7 50 21 51 4 62 1 63 1 68 2 69 23 72 10 73 7 75 19 76 14 77 15 78 34 79 33 81 4 87 13 102 33 108 6 116 3 125 17 132 2 136 7 145 32 154 614 155 141 159 23 167 11 176 37 188 7 193 5 199 1 200 36 201 34 204 23 205 46 
39 2 53 2 55 34 58 3 59 2 60 1 62 37 63 7 65 1 76 55 78 11 79 46 80 85 81 27 82 3 83 2 84 3 85 51 86 22 87 23 88 9 89 15 90 9 91 9 92 19 93 10 94 1 95 48 96 3 97 5 98 3 100 1 101 6 102 23 105 20 106 49 107 141 108 53 116 6 117 16 118 44 119 14 120 1 121 2 122 12 123 5 124 17 125 21 126 21 127 56 128 207 129 13 130 33 131 2 132 22 136 47 145 4 155 352 159 98 167 66 176 72 188 24 195 3 204 1 
5 14 39 194 56 2 61 6 62 2 63 3 76 12 78 3 81 28 87 12 102 37 106 24 108 10 116 18 125 10 126 6 131 22 132 71 133 11 134 41 135 23 136 13 137 6 138 12 139 39 140 72 141 87 142 33 143 35 144 96 145 48 151 1 152 1 154 2 155 451 156 8 157 44 158 64 159 88 160 228 167 46 176 36 188 37 195 1 204 3 
5 3 39 96 40 11 46 2 52 1 60 4 61 6 62 2 63 1 65 2 76 27 78 35 81 28 87 1 102 1 106 16 108 6 116 71 125 48 132 20 136 46 145 4 155 56 156 312 159 41 160 76 161 70 162 52 163 72 164 38 165 63 166 107 167 67 168 69 169 50 170 62 171 97 172 96 173 54 174 7 175 28 176 46 188 105 198 1 
5 1 40 23 52 81 53 55 55 84 60 5 61 5 62 2 68 3 69 10 70 3 71 7 72 13 73 4 75 9 76 113 78 184 81 11 87 88 88 68 89 40 102 6 106 4 108 11 116 5 125 63 132 15 136 50 145 6 156 183 159 33 167 28 175 63 176 65 177 87 178 133 179 141 180 29 181 121 182 36 184 2 185 6 186 32 187 4 188 44 189 5 198 1 199 1 200 1 201 5 204 10 205 1 
5 18 40 141 46 1 54 10 61 2 76 267 87 5 89 76 90 85 91 95 92 84 93 23 94 11 95 11 96 14 97 86 98 54 99 75 100 79 101 95 102 97 103 68 117 49 118 25 119 15 120 16 121 24 122 17 123 26 124 2 125 174 132 28 136 1 145 23 147 3 148 17 149 5 156 149 167 26 201 2 204 1 
5 25 9 3 10 9 11 2 12 3 13 8 14 3 15 5 16 5 17 7 18 6 19 7 20 8 21 9 22 15 23 11 24 7 25 21 26 10 27 14 28 10 29 9 30 17 31 30 32 18 33 8 34 11 35 5 36 17 37 19 38 12 39 11 40 338 41 5 42 17 43 25 44 13 45 17 46 23 47 15 48 2 49 5 50 19 51 9 52 5 63 7 65 3 68 12 69 22 70 4 71 1 72 34 73 99 74 16 75 25 76 158 77 8 78 1 83 1 86 3 87 12 88 29 89 29 90 19 91 24 92 3 93 33 94 7 103 46 125 10 126 1 132 2 145 8 149 3 151 1 154 1 155 10 156 366 157 71 167 20 176 13 188 10 190 3 191 1 197 9 198 4 199 4 200 3 201 1 204 24 205 1 
5 54 40 501 41 252 46 1 63 4 65 5 76 12 87 1 94 8 95 70 96 104 98 11 99 36 100 35 101 1 102 5 103 28 106 1 109 2 110 117 112 4 113 78 114 86 115 76 116 10 117 19 118 156 119 40 120 35 121 11 122 2 123 25 124 63 125 1 132 1 145 3 157 48 159 1 167 5 176 45 188 40 201 2 202 1 
5 29 6 16 7 1 10 1 11 1 12 2 21 1 22 2 25 1 26 1 34 1 37 1 39 1 41 569 43 2 44 2 45 1 46 4 50 2 54 8 63 3 65 4 68 2 70 1 71 5 76 39 79 22 80 3 103 51 124 279 125 16 126 1 127 1 129 3 130 2 132 2 134 1 136 11 137 48 138 50 141 8 142 3 143 1 144 7 145 19 146 13 147 9 148 1 149 11 150 10 151 13 152 175 153 18 154 1 155 85 157 204 159 3 162 2 163 1 164 9 165 18 166 10 167 5 168 15 169 23 170 19 171 22 173 2 174 2 176 23 182 1 188 24 195 9 200 1 202 1 203 1 204 13 205 10 
7 8 8 1 9 42 10 51 11 21 12 9 13 5 14 10 15 14 16 18 17 31 18 41 19 60 20 54 21 99 22 53 23 79 24 57 25 46 26 42 27 52 28 59 53 12 54 41 55 34 60 35 76 108 78 52 80 2 81 6 87 20 88 2 92 1 97 3 99 3 101 3 102 35 103 131 106 2 115 1 116 62 119 1 121 3 123 20 124 20 125 8 126 3 132 87 134 1 136 199 145 31 157 8 158 15 159 11 167 86 176 10 177 3 178 1 179 1 180 3 181 5 186 1 187 7 188 59 192 1 193 1 195 4 204 6 
28 159 29 64 30 37 31 45 32 64 33 50 34 63 35 79 36 34 37 40 38 44 39 52 40 44 41 57 42 59 43 58 44 51 52 6 53 8 60 38 76 172 78 69 81 9 87 24 103 45 106 2 116 65 132 93 136 248 145 44 157 8 159 6 167 83 176 9 188 64 189 1 193 1 195 4 201 1 
6 16 41 179 42 309 44 10 45 101 46 77 47 45 48 21 49 28 50 47 51 14 52 29 53 1 55 1 56 1 59 1 60 1 68 2 69 3 70 8 71 2 72 3 73 1 74 1 76 86 77 53 78 9 80 1 81 10 87 26 88 1 89 2 90 2 91 1 92 11 93 13 94 2 95 3 96 1 98 1 99 8 100 23 101 24 102 32 103 56 106 2 116 32 117 3 120 20 121 7 123 1 126 1 132 49 134 9 135 3 136 2 138 5 143 2 145 14 148 1 149 1 150 11 154 442 155 4 157 22 159 8 167 46 176 8 189 36 193 1 195 3 197 1 
6 22 18 20 24 1 42 367 43 4 44 1 47 3 48 1 53 1 56 3 62 10 68 4 71 1 72 3 77 58 78 1 87 2 89 2 91 1 92 1 93 1 95 3 97 7 98 1 100 2 101 1 103 7 108 2 116 12 120 1 125 11 129 2 132 1 136 13 145 12 150 2 155 326 156 63 157 9 158 6 159 20 161 1 162 4 164 20 166 10 167 9 168 6 169 16 170 8 171 10 172 17 173 4 175 2 184 4 185 8 189 34 193 5 194 2 195 1 196 2 199 1 202 145 203 251 204 416 205 4 
6 11 7 10 9 1 11 6 12 8 13 5 14 10 15 5 16 8 17 3 32 1 42 1 52 1 53 1 55 5 56 4 57 3 59 1 61 1 62 2 63 1 64 1 65 3 66 8 67 2 70 1 71 3 73 5 74 1 76 1 77 1 86 1 111 1 112 2 114 1 123 1 129 1 133 2 135 1 136 1 139 1 143 2 151 1 157 1 174 1 182 1 183 3 184 2 185 2 187 1 188 1 196 1 197 1 201 145 203 749 204 599 205 364 
6 3 7 4 9 1 10 3 11 5 12 5 13 2 14 1 15 1 16 2 18 2 19 1 20 2 21 6 22 3 23 1 24 2 25 1 26 1 27 2 28 1 29 1 30 1 31 1 32 3 33 1 34 2 35 1 36 2 37 4 38 23 41 11 42 3 44 2 45 1 47 1 49 1 50 2 51 3 52 2 53 2 55 5 56 2 57 3 58 1 59 3 60 3 61 2 63 4 64 1 65 42 67 2 68 2 69 2 70 5 73 2 74 4 77 1 80 2 81 7 82 76 83 78 84 107 85 17 93 4 96 3 97 17 99 26 100 16 101 1 102 1 103 5 106 2 107 8 111 1 119 4 120 1 129 1 130 78 132 2 133 1 137 1 138 3 142 1 143 1 144 1 147 1 148 3 151 1 154 2 157 1 160 2 163 2 165 4 166 2 168 77 169 85 170 75 171 9 173 1 175 17 176 2 177 11 178 12 179 17 180 9 197 1 201 251 202 749 204 1 
6 12 42 82 43 7 46 67 50 45 51 6 55 3 58 59 61 4 64 1 65 2 67 1 77 8 78 7 81 11 87 9 103 62 106 4 108 16 116 68 125 26 126 22 132 31 136 16 145 60 157 42 159 10 167 61 176 50 180 37 186 44 188 17 189 23 190 1 191 3 193 10 194 1 195 24 197 13 198 6 201 416 202 599 203 1 205 1 
1 1 6 4 42 59 58 1 77 3 87 12 103 49 106 3 108 9 116 4 126 4 132 10 136 6 145 49 157 19 159 1 167 28 168 13 176 28 189 46 193 1 195 1 197 10 201 4 202 364 204 1 
