4000000
715
1858
2281
2372
1698
2582
2592
3573
1600
1736
2889
2890
688
2208
2356
3727
1109
3566
3568
3800
675
1107
2875
3560
1111
2156
2985
3569
1205
1481
2042
2319
3912
620
1988
2306
2862
1108
3562
3563
3799
1886
1911
3249
3691
1908
2609
3248
3690
898
2114
3583
3805
335
961
2957
3593
1112
1861
3576
3577
3334
3335
3336
3719
1113
1460
1540
3581
921
922
1409
2157
334
959
2794
2948
1753
2420
2497
2973
887
1745
2931
2932
1114
2986
3585
3806
1116
1462
1463
3094
1120
3603
3604
3886
1865
1866
3605
3608
1115
1863
3588
3591
1117
1118
1461
3594
677
2160
2162
2163
1197
2172
3809
3884
3597
3810
3811
3885
351
1016
2797
3793
373
1104
2803
3548
1132
1298
2805
3649
2107
2806
3549
3550
392
400
1718
2809
176
282
665
796
983
866
2810
2811
3551
3794
3797
3879
3881
584
1857
3230
3558
397
1172
1301
3002
1856
3555
3556
3796
1106
2499
2984
2987
376
1105
3553
3795
135
377
378
1110
1101
1102
1457
2982
169
170
471
2761
375
1100
1297
3537
844
2754
2755
3534
1168
1170
2167
3001
1119
2988
3601
3812
1103
2155
2983
3546
905
920
923
2939
51
134
374
1099
1942
1629
1632
1855
3152
583
1854
3542
3543
3544
1807
3214
3678
3839
1852
1853
2280
3229
1321
2908
3018
3084
202
569
2767
3538
1173
1177
1475
2168
3816
1924
3790
3791
3878
1410
2500
2574
3468
386
1136
2012
2992
1467
2993
3682
3683
198
558
1756
2847
988
1755
3196
3672
1138
3670
3671
3837
559
561
2043
3197
1127
2632
3627
3822
1192
1479
3008
3870
384
2990
3634
3637
324
1126
1285
2989
44
116
611
1956
117
327
328
2119
906
1406
1528
2941
1216
1867
3015
3017
3612
1184
1189
3679
3840
5
408
1210
3014
928
929
2502
3005
3007
1759
2264
3004
3815
1175
1176
3003
3607
2897
3575
3578
3803
3019
3613
3818
3913
1125
1181
1504
3621
482
1476
1543
3099
163
172
486
1247
1474
1874
3098
3639
136
381
1121
1960
1926
3830
3892
3914
1179
3630
3823
3890
949
1417
3072
3631
147
407
1206
3918
1208
1931
2648
3013
1204
2646
3908
3909
1741
2650
3925
3926
931
2942
3012
3910
1925
3882
3911
3921
598
1349
2857
3564
602
1929
1930
2858
148
149
1962
3011
1122
2158
3609
3610
1203
2173
3861
3903
1209
1932
2174
3922
406
1199
1480
3891
1207
1760
3016
3917
1913
2631
3814
3817
3887
1200
2635
3841
3896
240
678
2068
2165
2161
2346
3337
3423
261
738
740
2351
1695
2541
2550
3327
3717
679
1183
2169
2876
1163
1758
2166
2999
1824
2275
3339
3342
1188
3720
3854
3855
680
687
2877
2878
1034
3338
3341
3722
1196
3225
3340
3721
485
1232
1488
3020
402
1190
2171
3863
401
403
1302
3770
3871
1928
3316
3900
3902
663
916
2116
2972
889
890
1402
2930
312
1401
1527
1997
884
1663
2111
2868
876
1399
2207
3357
313
888
1283
2112
843
2751
2918
3533
314
893
895
1404
315
856
896
2790
965
1403
3116
3117
317
900
902
2933
784
885
892
2902
332
2123
3073
3074
907
910
944
2944
871
2925
2926
3584
874
1398
1526
2846
308
872
1714
2788
184
517
1329
2837
235
662
2064
2065
234
883
1400
2871
463
901
1316
1405
1
48
237
272
2109
2590
2859
2860
3565
310
878
879
2789
567
1793
2849
3172
462
867
2025
2824
1827
2205
3356
3361
625
1998
1999
3701
42
111
882
2870
292
827
1994
2785
110
297
311
841
309
1281
1282
3036
298
1279
1280
2185
154
428
429
2816
865
899
2817
2924
415
417
2812
2813
299
855
2786
2787
302
305
854
864
1918
3702
3848
3899
17
41
610
1954
106
107
846
2760
113
1235
2505
3021
108
109
306
1234
301
1995
2466
2921
768
1652
1989
2781
304
863
1396
2922
2923
547
858
1715
2106
526
1633
2243
3153
860
1394
1395
3071
661
869
1397
2108
851
897
2919
2920
127
131
362
2752
845
2757
2758
3535
734
842
2104
2334
250
707
2775
3540
231
650
2773
2869
1675
1708
3169
3536
218
300
849
2770
1631
1864
2971
3592
1054
1056
2970
3404
2120
2336
2337
3405
1746
2262
2263
2368
557
1751
2961
3195
230
648
649
2953
984
985
987
2954
3185
2488
2489
2916
3463
554
556
1338
1602
986
1739
2529
3191
1704
1720
3180
3181
3184
881
1747
2928
2943
185
519
520
1606
196
553
1737
2046
1748
1749
2947
2952
1152
1469
2164
2347
1174
3586
3587
3807
464
951
1408
3075
465
924
926
927
355
1032
1033
2965
913
2963
2964
3595
2596
3598
3599
3602
325
1821
2000
2118
538
540
980
1334
903
904
2934
2935
419
875
1250
1763
908
950
2946
3589
43
114
115
2749
6
8
9
2725
321
664
914
2117
1507
1779
2936
3109
541
804
1384
1492
443
1717
2818
2819
336
360
1653
2007
341
1427
1794
3177
509
1570
1595
3139
518
1565
1572
1604
1137
3187
3188
3669
1712
2256
2257
3375
254
719
1269
1496
1710
1711
3182
3667
194
548
2041
2766
546
2427
2528
2844
2463
2843
3451
3759
545
1336
1337
3053
516
1591
1594
2237
550
1727
1730
1731
600
605
606
1729
2051
586
877
2854
2855
1627
1673
2238
2242
195
549
551
1728
1726
2845
3561
3798
2258
2473
2825
2826
197
199
555
562
1635
1879
3238
3661
1571
1598
1601
3140
1724
1725
3186
3668
507
1723
2833
2835
1732
2259
2872
2873
1735
2884
2885
3190
552
1733
1734
3189
1596
1716
2796
3183
780
2476
2478
3226
581
1843
1848
2852
781
2480
2481
3460
476
1075
1451
2028
3290
1073
1074
1450
2975
1902
3458
3761
3868
2475
2477
2838
3559
2472
3456
3457
3760
2090
3310
3311
3712
278
786
1990
2903
2413
2414
2465
3434
1590
1689
1692
2470
277
782
1713
2782
1842
2467
2468
3455
2482
2483
3461
3762
2484
2892
2893
3574
756
2402
2418
3429
2479
2485
2486
3462
775
891
2900
2901
259
733
848
2105
783
2487
2579
3497
367
1076
3464
3763
655
764
2089
2330
761
765
2416
2417
1679
2318
3170
3398
779
2091
2095
3312
269
760
2087
2896
96
270
763
1376
751
754
2386
2894
268
757
758
759
1158
1640
1899
3752
210
594
1903
3246
2423
3436
3437
3753
791
793
1740
2513
2905
1080
1452
3472
3473
2255
3372
3374
3732
790
1381
2510
2904
1662
2092
2093
2498
280
792
2515
2516
281
794
797
2532
2403
2424
2512
2514
2439
2525
2576
3492
2521
2522
3141
3476
785
2492
2493
2937
1067
1448
2425
3438
1036
1040
2496
2966
3466
318
451
660
1359
1518
1195
2503
3009
3469
1691
2490
2501
2927
2997
322
917
2938
2974
1580
1639
1895
3730
789
1078
2506
3470
99
788
2421
2504
273
427
1274
2223
1626
1682
1841
2270
2370
1157
1470
1471
3097
925
2940
3000
3606
1162
3764
3765
3869
481
1161
1472
2829
3750
3751
3864
3904
1738
2339
2395
2895
1063
1447
3425
3749
1065
2148
2411
3433
364
1066
2008
3282
2147
2398
2400
2401
365
366
1295
3283
1068
1069
2800
3439
2441
2442
2586
3445
1840
2440
2898
3440
1160
2621
2622
3454
1079
2976
3467
3471
737
2154
2344
2345
671
2139
2141
3330
674
1087
2152
3496
2644
2677
3450
3758
2183
2188
2387
3348
3424
142
394
1164
1166
1086
1088
1454
2978
3406
808
809
2569
2572
769
2570
3443
3494
2437
2567
2568
3493
810
2573
2909
3459
3465
2436
2526
2565
3417
271
767
2434
3442
285
807
2564
2566
2431
3066
3431
3856
806
2561
2562
3491
1832
1836
3150
3657
1477
2220
2555
3362
1696
2557
2559
2563
3386
803
1822
2549
3322
918
1082
1754
2977
2560
3202
3641
3919
825
2554
3488
3772
811
1091
2577
2979
2097
2098
3313
3713
284
657
802
2096
2432
2433
2551
3333
2469
2802
3486
3487
2544
2545
3298
3485
766
2430
2542
3280
1846
2578
3227
3490
623
1992
1993
3277
283
800
801
2907
2062
2543
2546
3302
1005
2540
3695
3846
2530
3194
3479
3768
1804
1806
2624
3213
798
2534
2535
3481
1456
3091
3092
3636
499
500
1537
3090
477
1319
1557
3120
1923
3767
3773
3872
2406
2407
2443
2594
1685
1686
2404
3173
1081
2426
2523
3477
579
2397
3428
3448
345
996
998
3232
1780
2531
2906
3204
799
2538
3256
3482
295
835
2729
2730
16
834
1214
2728
37
410
1218
2732
39
40
105
2747
103
823
1387
2746
38
101
287
1233
1098
2734
2735
3528
274
774
2457
2458
1159
3441
3754
3755
773
2410
2453
2899
179
2462
2759
2762
3453
211
2412
2464
2769
1072
2459
2738
2739
2460
2461
2744
3452
1194
3522
3784
3875
2662
2663
2664
2665
2643
3523
3828
3915
1096
1097
2981
3600
10
21
52
2736
3529
2658
2661
2693
2723
1167
3785
3786
3876
3906
3907
3920
3924
2645
2647
2653
3524
1605
1757
2996
2998
1191
3865
3866
3905
1095
2636
2637
3520
1149
1891
3715
3853
1502
1922
3026
3057
293
830
2102
2640
2714
2715
2716
2717
2718
2719
2720
2721
3106
3418
3547
3645
839
2740
3530
3787
97
840
2745
3531
296
837
1743
2917
658
659
2063
2103
787
1380
1522
1524
456
459
1379
2823
457
1382
1383
3067
2071
2203
2204
3355
818
1385
1386
3629
955
1420
1530
2227
831
1388
1389
3069
1391
1392
1525
3070
2682
2683
2684
2685
2657
2669
2681
2695
2671
2674
2679
2680
2668
2675
2696
2704
2511
2678
3061
3068
2654
2670
2672
2687
1027
2132
2150
2435
3321
2652
2656
2659
2660
276
1444
2676
2697
1328
2694
3050
3495
2689
2690
2691
2692
2666
2667
2686
2688
2698
2699
2700
2701
390
1150
2702
2703
2705
2706
2707
2708
2709
2710
2711
2712
132
368
1077
2753
2801
1093
1094
2153
2980
133
371
372
1090
1085
1453
1538
2828
957
1092
1455
3510
919
1089
2595
3504
813
2584
2585
3499
2599
3505
3611
3623
2408
2444
2446
3808
1193
2641
3777
3873
814
2587
2588
3501
1849
3513
3780
3874
815
2589
2591
3557
3500
3502
3775
3776
1901
2445
3446
3756
2083
2329
2382
3422
2602
3506
3507
3778
2603
3132
3134
3651
2449
2571
2606
3447
997
1004
2958
3228
771
2447
2610
3509
2611
2612
2626
3779
100
102
288
1953
289
817
2597
2784
822
1064
2394
3427
816
2593
3503
3582
2455
2642
3880
3883
832
2912
2915
3580
894
2113
2910
3579
3532
3788
3789
3877
597
1910
2630
3804
395
1473
2629
3783
2409
2451
2628
3792
1702
1851
2722
3525
2583
3518
3521
3782
1906
1907
3247
3781
2617
2619
3742
3747
828
1742
2913
2914
2613
2614
3511
3716
1151
2615
3723
3757
772
1378
2450
2623
2625
2627
3515
3516
812
2580
2581
3498
291
824
2620
3514
826
2101
2333
2383
290
3250
3734
3825
1915
2634
3519
3834
1070
1071
2149
3449
120
2750
3178
3666
1687
1688
1690
2252
1880
3176
3665
3835
536
873
2841
2842
542
1697
2438
2575
370
1083
3276
3484
1694
2527
3174
3478
1701
2454
2639
3179
1792
2250
2366
3167
1638
1700
1894
3367
515
1569
1589
1592
523
847
2764
2765
1623
1825
3149
3656
187
524
525
1253
1837
1839
3224
3435
205
578
1838
3432
1744
2261
3376
3377
3655
3831
3832
3893
994
1431
2956
3219
1819
1820
3218
3304
1577
2234
3414
3745
1805
1831
2271
3220
3380
494
496
2030
2031
30
203
573
1816
473
1037
1038
3351
204
576
1830
2851
1796
1798
3198
3210
1616
1617
1802
3147
563
1133
1464
3653
521
1613
1615
2035
1619
1622
2241
2604
572
1812
1814
3258
571
1254
1257
1810
1783
1788
2268
3148
991
1750
2130
2955
1803
1813
3212
3216
1799
3201
3211
3677
498
1017
1533
1534
1003
1811
3252
3692
171
480
1139
1466
574
1621
1818
3217
77
593
1889
2724
3705
1809
1892
1893
3243
1084
2151
2539
3483
3489
590
1881
1884
3680
1637
1888
3155
3242
387
1142
3241
3688
911
999
1000
1407
1871
3235
3628
3685
3836
3895
3916
3923
1636
1883
3687
3843
1699
1808
2607
3240
3844
3845
3897
3898
1916
2290
2429
2536
3251
3253
3254
3838
1645
1921
2292
3157
1676
2265
2267
2369
2272
2276
2371
3381
915
1048
2969
3596
1368
1786
2600
3063
359
1047
1752
2968
1657
1661
2047
2247
391
1153
3728
3857
1920
3368
3731
3858
577
1624
1833
3222
1828
3221
3363
3729
591
717
1885
2285
253
714
1829
2278
3383
3735
3736
3859
1049
1870
2282
3384
596
1348
1914
3388
716
2283
2284
3385
46
122
340
3164
1630
1860
3572
3801
2126
2533
3480
3769
711
1797
3192
3193
566
795
1025
1801
2138
532
533
1656
2038
1659
1660
2081
3163
1683
2399
2405
3430
514
2313
2836
3137
1681
2251
2353
2388
192
744
2364
2365
705
1680
2074
2883
880
2110
2335
3171
1817
2019
3287
3291
1677
1890
2286
3706
1585
1587
1666
3166
444
513
1333
1584
1586
1669
1784
3136
3165
3662
3664
3894
1671
1672
2232
2361
2605
3168
3508
3663
286
404
853
2783
1641
1643
2244
3370
1625
3133
3802
3867
701
1597
1599
1719
1574
1603
1611
1781
1059
2240
2363
3413
1007
1434
2212
3266
1583
2246
3135
3652
248
700
2235
2236
504
2033
2034
3292
637
2036
2037
3293
183
511
512
1581
182
510
1709
2763
1642
1909
3156
3659
71
191
539
2039
369
436
1296
1304
537
706
709
1575
1647
2524
3158
3162
1182
3159
3660
3833
188
528
529
1332
70
190
534
1664
1693
2253
3175
3373
1582
1648
1649
1952
3
1650
3160
3444
3689
530
531
2245
2840
589
1877
2768
3686
3842
1787
2269
3207
3208
820
1878
2100
2608
3314
396
1169
2002
2013
527
1578
1634
2839
28
821
1938
3259
976
1135
3154
3658
2518
3118
3119
3145
1612
1882
3239
3675
508
1568
1588
1678
1563
1564
1566
2233
1618
1875
1876
3237
1567
3130
3131
3650
1579
1896
3378
3733
1576
1620
1815
2273
3279
615
1968
1969
3269
216
723
1974
2303
1052
2302
2377
3392
19
26
604
1937
217
617
1975
1976
67
72
181
1971
201
1972
3270
3698
251
1984
2054
2055
1982
2305
3393
3738
1978
1981
2304
3273
3274
3699
3700
3847
32
81
2771
3262
221
624
633
1262
618
634
1651
1977
1009
1979
1980
3272
582
982
1905
2129
2340
2294
2375
3389
3420
721
2296
2376
2887
725
2003
2310
3281
1156
2618
3737
3740
363
1060
2362
3415
829
1155
2638
3860
1051
2299
2300
3391
252
712
713
2777
621
1986
1987
3275
93
260
2778
3541
460
850
1393
2206
1955
2297
2298
3264
35
91
92
255
710
1771
2266
3379
319
320
323
2791
580
708
963
2260
143
145
398
1178
129
1958
3265
3696
347
544
1628
2040
609
776
777
778
90
1950
1951
3263
388
1144
1145
2994
405
1201
1202
3901
601
1646
1927
3255
3284
3703
3704
3849
1185
1186
2170
3006
1665
2415
2748
2808
599
1917
1919
2291
112
316
836
2733
1220
1941
2295
3390
75
80
215
2741
2
214
1940
3726
587
1869
3619
3622
76
206
207
3694
78
212
213
1948
608
1945
1947
3261
14
31
33
1217
189
193
1946
1970
29
73
74
2731
15
89
249
1939
4
1933
1935
1936
2293
13
603
1934
3257
7
11
22
23
27
68
69
186
585
1859
1862
2048
1020
1437
2213
2962
3295
3707
3708
3850
565
2044
2848
3296
83
227
639
640
638
644
1355
2059
636
2866
2867
3567
641
2049
2050
2320
1019
2137
3297
3299
729
2079
2321
3399
613
642
2052
2053
225
635
1658
2058
3300
223
628
2056
2322
228
643
2772
3539
229
645
1356
2060
232
233
1264
3030
653
2080
2082
2328
1022
3307
3308
3711
568
570
728
1371
2045
646
651
652
2078
730
2323
2324
3400
1055
1835
3403
3408
731
2077
2326
2327
2075
2076
3306
3710
1148
1187
2995
3851
686
1364
2070
2325
1021
2072
2073
3305
303
352
859
2798
2061
3301
3303
3709
450
1357
1721
2821
239
647
676
2067
747
2373
2374
3419
1898
2537
3416
3746
698
2228
2360
2367
2881
94
263
743
1231
264
745
1374
2779
746
1061
2274
3382
36
95
265
748
752
1684
2390
3409
1062
2094
2331
2332
732
3401
3402
3741
1023
2086
2547
3309
749
2084
2378
2380
2379
2393
3421
3748
753
2391
2392
3426
267
755
852
2780
616
619
626
2861
2863
629
2009
2010
2864
2277
2312
3223
3396
630
2014
2015
3285
862
1154
2807
3371
1129
1146
1667
2159
53
141
393
1961
354
1031
2144
2145
361
1293
2214
3359
742
1722
2359
2827
1053
2315
2317
3397
724
2307
2308
3394
257
726
727
2888
1897
2311
3395
3739
1050
2288
2856
3387
442
942
943
3052
59
159
491
1510
522
1330
1331
3051
1324
1767
3046
3200
502
1325
1509
1551
1198
3010
3820
3889
857
2792
2793
3545
34
88
685
2189
1143
2218
2649
3244
3725
2509
3048
3049
3766
439
1314
1315
2191
453
1312
1313
1506
489
492
1322
1500
468
1317
1318
1424
483
1478
2508
3047
160
445
446
1339
157
435
1300
1503
535
2021
2022
2314
632
1270
1497
3347
422
1306
3104
3105
437
1310
1311
3045
423
426
1261
1307
940
1309
1505
3042
139
389
1147
1299
490
2187
2352
3108
58
156
434
1964
433
1057
1294
2146
383
2011
3819
3888
3039
3040
3041
3620
45
118
119
121
1249
1491
2517
3474
962
1501
3107
3642
1765
1766
1768
3056
937
1764
3032
3617
989
1429
3199
3673
430
1284
1286
3037
432
939
1292
1550
279
1276
1549
2184
1654
2020
2422
2507
382
1123
1124
3616
262
739
1271
2348
684
1277
2069
2186
1278
1499
3035
3618
2448
2616
3512
3724
128
356
2799
3344
1255
1256
1493
3028
622
978
1171
1180
1991
1868
2598
3234
3614
209
936
1259
3029
329
938
1413
3034
219
1494
2471
2815
152
1260
2814
3552
424
425
1265
1266
226
1263
2182
3346
86
242
683
1229
2181
174
487
488
2831
256
258
722
1985
243
1267
1268
3031
503
1326
2032
3124
266
1272
1273
3033
1668
1674
2178
2248
348
350
1018
1291
3294
1044
1045
1443
2006
137
138
1240
3023
414
979
1165
1230
1236
1237
1489
3103
416
612
1239
1959
123
344
993
3215
20
833
2726
3526
47
125
126
353
124
346
1002
1957
339
973
1289
3143
326
930
2001
2309
222
627
2004
2005
1010
1012
2134
2341
543
1335
2456
2673
2713
654
762
770
2088
948
1245
2209
3025
421
1248
2018
2180
65
167
175
1966
2301
177
497
1414
1529
64
173
870
2830
935
1251
1252
3027
1244
1490
2029
2316
418
1058
2179
3411
934
1412
3022
3076
1242
1762
3024
3615
161
449
614
1965
3697
153
155
1963
3267
681
682
1363
3345
162
166
1367
3062
607
720
1370
1944
25
62
63
1224
838
1390
2254
2737
66
178
1967
3268
146
151
420
1943
60
61
164
458
960
1421
3640
3826
484
1211
1482
1484
1904
3278
3771
3774
1140
1141
3674
3681
104
294
2651
2655
55
1243
1707
2756
24
409
1212
1215
12
18
1213
2727
49
50
130
3260
1593
1703
1706
3527
180
505
1225
1555
1223
2175
2176
2350
54
412
1221
1222
56
57
150
1238
1219
1411
1485
3101
3102
413
1226
1228
2017
338
972
3142
3654
560
932
933
1761
98
275
1275
1498
241
2177
2552
3343
595
1900
2196
2287
84
87
1949
2743
411
631
2016
2057
82
220
224
1705
2742
79
1227
1486
1487
1546
1547
3121
3647
342
1795
3209
3676
1006
1433
2959
3085
819
2099
2601
2911
1844
2519
3123
3475
343
990
992
1430
168
469
470
1428
1607
1608
2239
3369
349
1008
1435
2960
1438
3087
3318
3714
3852
886
2491
2929
3315
474
1445
1446
3089
750
956
2085
2381
697
1535
1536
2225
1046
1442
3088
3635
244
245
690
1983
695
1483
2219
2221
693
694
2358
2880
1041
1043
2967
3364
357
358
1039
3353
692
2210
2211
3358
475
1449
2216
3360
941
1305
1308
3044
246
696
1495
2222
2776
238
673
2193
3332
2215
2357
2389
2396
805
2556
2558
3365
247
691
2879
3570
3571
495
1515
1523
2226
1014
1015
2136
3286
333
1013
1436
3086
1011
2135
2419
2495
1029
1823
3328
3331
1030
2140
3329
3718
669
670
2133
2874
1024
1361
2548
3317
975
2127
3151
3323
736
2343
2385
3743
2349
3410
3744
3862
1035
1440
2142
2342
668
995
2131
3325
672
1042
2143
3407
85
667
2066
2774
981
1028
2128
3324
236
666
954
3081
735
2124
2338
2384
575
1343
1834
3326
1026
2115
3319
3320
966
1288
3038
3122
337
967
968
2795
1425
2452
2633
3078
3824
909
974
2494
2951
307
466
868
1416
1996
1128
1419
3079
3632
330
431
1287
1290
952
1415
1418
3077
971
1614
1791
3146
969
970
2950
3129
953
1426
3080
3083
140
144
399
1241
478
1458
1459
3093
1468
1887
3096
3693
379
380
861
2804
385
1134
1541
2229
441
479
1320
1465
958
1130
3095
3638
1558
1562
3127
3128
1644
1789
2428
3829
506
1539
1561
2520
699
1548
1559
2230
1552
1553
1560
3125
1554
1556
2231
3366
501
1542
2474
2834
1001
1432
1532
3245
1544
1545
1776
3100
1340
1785
3054
3138
1778
1845
1847
2279
964
1422
1423
2125
1573
1610
1772
1775
1782
3126
3205
3648
1800
2850
3203
3206
1609
1773
1774
3144
467
2026
2027
3289
977
1655
1790
3161
158
438
440
2217
472
1439
1441
2865
1512
1513
2194
3111
1508
1511
2224
3110
1531
3082
3633
3646
1131
2991
3643
3827
656
1358
2198
3059
1351
1352
2197
2354
1353
1354
1517
3058
331
945
2122
2945
448
592
1347
1350
208
1258
1973
3271
1323
1327
2192
2832
493
1342
1514
1516
3112
3113
3115
3644
912
1360
2949
3590
452
1362
2822
3554
1375
1670
2199
2249
702
1365
1366
1519
703
704
1369
2882
165
455
461
1246
454
2023
2024
3288
1303
2190
3043
3349
447
1345
1346
2820
741
2355
2891
3412
1826
2195
2553
3350
3352
1372
1373
1521
3064
947
1377
2202
3065
718
1520
2886
3114
689
2200
2201
3354
200
564
1341
1777
1344
1850
2853
3517
946
1769
1770
3060
1912
2121
2289
3813
3055
3625
3626
3821
3231
3233
3624
3684
588
1872
1873
3236
