4000000
914
1024
1025
2138
2963
2965
3316
3595
184
515
517
664
2035
2118
2837
2872
660
661
1663
2064
2107
2108
2109
2335
1149
2110
2112
3317
3318
3713
3714
3852
311
662
881
882
883
2111
2870
2928
75
203
573
1397
1398
1399
1817
3072
308
536
873
874
1725
2840
2842
2843
561
941
1308
1766
1767
2508
3044
3471
301
429
854
1281
1282
1283
2785
3036
109
110
309
1234
1235
1488
1955
2748
312
884
885
1401
2789
2875
2876
2929
307
869
870
871
2828
2829
2833
2835
266
752
2388
2389
2390
3425
852
1393
1394
1395
1396
1525
2778
3071
165
460
461
727
2021
2314
2315
3397
271
272
765
768
769
2089
2441
2898
735
1835
2336
2337
3403
3404
3405
3742
245
691
1402
1526
1527
1555
2206
3116
42
111
313
314
316
888
890
1284
889
891
901
1739
2899
2900
2901
2930
663
904
2113
2114
2549
2935
2936
3319
317
900
902
2926
2932
2933
3586
3807
6
9
10
17
112
315
896
2726
331
903
945
946
947
2122
2934
2945
121
339
910
974
976
977
2127
2952
464
497
1406
1407
1408
1528
3075
3632
950
951
1417
3073
3074
3076
3078
3631
320
912
913
2937
2959
2961
2962
3594
41
108
306
836
867
2733
2734
3528
43
114
321
606
1005
1941
1942
3260
222
625
626
627
1353
1998
2863
753
1365
1367
2369
2391
3062
3417
553
1338
1737
3053
3190
3191
3670
899
1602
1741
1744
2923
2924
2925
3583
987
1745
1746
1797
3192
3193
3194
3671
250
706
708
2259
2260
2261
2368
2883
557
559
1339
1757
1758
1759
2847
3197
343
989
991
1430
2130
3200
3673
3838
985
1727
1730
1731
1796
3187
3188
3669
1734
1736
2484
2888
2889
2890
3189
3573
210
212
593
601
877
1925
2769
2855
81
221
622
1600
1601
1733
2862
3141
1726
2415
2474
2475
2476
3458
3761
3868
516
1594
1597
1598
1599
1709
3140
549
1337
1595
1596
1721
1722
3139
3185
194
546
548
550
551
1729
2041
2845
40
107
302
303
855
2787
2788
79
216
611
1947
1948
2860
3262
38
100
1099
2585
2746
3532
3534
3788
834
1186
1996
2728
3278
3526
3701
3848
105
297
298
841
843
2747
2786
2918
168
469
846
897
2760
2761
3536
424
851
1265
2105
2465
2775
2776
2777
106
300
849
1711
2770
2771
2772
3539
983
1664
1665
1706
2953
3165
3180
3662
777
856
858
1715
2467
2790
2791
2795
1103
1716
2797
2800
2802
3546
3547
3548
126
293
351
352
829
830
1291
2102
545
1707
1708
2751
2752
2844
3181
3533
71
191
193
848
1710
2765
2766
2767
264
707
745
2256
2257
2258
2367
3375
389
984
1146
1148
1717
1718
2806
3184
207
584
586
1258
1345
1865
2048
1088
1165
2582
2624
3499
3515
3770
3775
206
583
715
1854
1855
2280
2768
3538
134
374
815
2442
2589
2590
2591
3502
1098
1119
1852
2740
2983
3529
3530
3601
51
136
379
381
844
2754
2927
3584
141
392
393
394
1161
2013
2807
3760
462
1106
2823
2824
3555
3556
3557
3796
440
477
1105
1319
1458
2816
3552
3553
872
1107
1724
2836
2838
2839
3558
3559
21
52
137
138
139
387
1240
1960
305
863
865
1177
1475
2810
2811
3551
144
400
401
402
1187
2014
2755
2809
1170
3544
3545
3792
3793
3794
3879
3910
304
860
861
2801
2803
2804
2805
3549
921
1113
1115
1116
1460
2939
2986
3587
380
1117
2987
3593
3602
3809
3812
3886
135
376
378
1112
1297
3093
3637
3825
478
1461
1462
1540
1541
2217
3121
3647
675
1033
2155
2156
2157
3335
3336
3720
676
1132
2158
2159
2160
2346
3337
960
1118
1175
2974
3101
3597
3598
3811
2960
3810
3884
3885
3911
3912
3921
1171
1856
1857
3230
3560
3561
3562
3798
377
1108
1109
1459
1755
2984
2985
3566
1642
1909
1910
1911
2289
3249
3691
3844
1110
2878
3569
3570
3571
3801
3882
998
1807
1863
1864
1866
3232
3233
3684
585
876
1728
1860
1862
2852
2853
3563
525
1629
1630
1858
1859
1861
2281
3231
1111
2592
2891
3572
3574
3575
3576
3802
919
1091
1096
2979
2980
2981
3600
322
323
917
920
1012
1285
1997
3279
251
709
1750
1751
2262
2263
3195
3377
197
554
555
556
639
2042
2043
2846
1121
1147
1156
2995
2997
3605
3606
3814
386
1136
1137
1138
2012
2161
2992
18
44
117
327
328
931
1286
3012
324
925
2492
2940
2941
2996
3588
1122
3609
3610
3815
3816
3887
3888
3913
116
326
928
1183
3004
3005
3006
3608
384
923
1128
1130
1131
1410
2990
2991
273
771
1176
2408
2446
2447
2611
3003
1196
1197
1201
1480
3009
3100
3843
3897
927
1114
1174
3001
3002
3585
3607
3806
156
385
434
558
1299
1605
1754
1756
145
404
684
1037
2186
2187
2756
3348
598
1643
1912
1913
1914
1915
1916
3250
1179
1924
3527
3786
3823
3876
3890
3914
1004
1646
1927
1928
1929
3255
3904
3918
406
407
1204
1205
1206
1481
3869
3906
408
1209
1210
1873
3236
3686
3923
3925
600
1921
1923
2352
2353
3411
3744
3862
713
1824
1828
2167
2275
3340
3341
3722
483
966
1477
1478
1544
3122
3920
3924
403
1193
1194
1195
1479
2219
2220
3362
1172
1192
3568
3758
3800
3867
3881
481
482
1472
1474
1476
3098
3099
3639
167
399
467
959
1180
1181
1420
1421
1153
1895
2616
3729
3730
3731
677
1667
2068
2162
2163
2164
3338
1188
1202
3723
3851
3854
3855
3900
3901
679
1668
2168
2169
2170
2171
2349
3410
452
790
1362
1363
2509
2510
3061
3627
456
1378
1379
1380
1381
1522
2203
3066
2623
3067
3629
3767
3768
3822
3870
930
1199
1200
2503
3010
3011
3469
3765
791
2403
2422
2423
2511
2512
3472
3766
853
1713
2466
2781
2782
2783
3454
3542
99
278
279
280
427
785
1275
1276
359
1045
1046
1047
1443
2246
2968
3371
786
2419
2420
2495
2496
2497
3436
3753
789
1513
2504
2505
2507
3021
3470
778
1073
2468
2469
2470
2975
3455
3456
803
1032
2150
2151
2152
2551
3333
3334
169
170
473
474
475
1318
2027
2827
131
366
370
628
1084
2008
2009
3283
787
1162
2498
2499
3466
3467
3764
48
127
353
354
355
859
1292
2798
784
864
1691
2489
2490
2491
2812
3464
501
505
779
1543
1558
2473
2834
276
580
780
1842
1844
2477
2478
3459
802
1023
1846
2547
2548
3310
3486
3712
1011
1815
1987
1988
1989
1990
3275
3276
96
269
760
776
2412
2413
2462
2464
764
2424
2425
2426
2525
2526
3438
3478
98
275
277
762
783
2485
2897
2902
893
894
1403
1740
2905
2907
2909
3578
898
922
1409
2921
2922
2988
2989
3603
761
781
2402
2416
2417
2479
2480
3435
267
654
754
756
757
2086
2088
2895
2400
2409
2448
2449
3429
3432
3447
3757
66
178
350
1013
2005
2006
2007
3282
508
686
1327
2033
2191
2192
3292
3350
500
1449
1537
1538
1539
1557
3120
457
1383
1384
1385
1386
1523
3068
3115
967
1080
2519
2521
2522
3125
3475
3476
281
795
796
2528
2529
2530
2906
3479
547
1714
1723
3183
3186
3667
3668
3836
282
798
1671
1672
1870
2535
3168
3235
996
1627
1845
1848
2534
3226
3227
3481
1692
1880
2255
2527
3175
3374
3665
35
90
91
92
252
253
712
1269
1590
1687
1689
1690
2252
3174
3373
3732
999
1000
1881
1882
2132
2957
3239
1094
2154
2452
2630
2631
2632
3449
3518
287
811
2098
2432
2550
2577
3487
3771
792
1452
2427
2515
2516
2517
3091
3474
238
671
2481
2874
3407
3460
3743
805
1154
1470
2558
2908
3376
3378
3733
101
285
767
806
2435
2560
2561
2562
538
1679
1680
1681
1682
2574
3171
3664
1076
2418
2487
2488
2494
3463
3465
3763
807
2436
2563
2564
2565
2566
3492
3773
808
2437
2567
2568
2569
3443
3493
3755
367
1075
1843
2438
2573
3461
3462
3762
365
657
1069
2097
2434
2556
3442
283
766
800
1083
2430
2541
2542
3484
149
415
799
1233
2429
2536
2537
2538
1065
1068
2148
2404
2973
3430
3751
541
1591
1693
1694
1695
2253
2977
3176
804
2207
2433
2552
2554
3357
3441
3488
362
1057
1059
2340
2344
2971
3406
3408
581
1087
1847
2575
2576
3496
3497
3774
817
2595
2596
2597
2911
2978
3504
3599
1066
2401
2411
2414
3433
3434
3752
2712
2713
2714
2715
2716
2717
2718
1039
1670
2198
2199
2204
3167
3353
3355
773
2454
2719
2720
2721
2722
2723
2724
1095
2633
2636
2637
3519
3520
3783
3875
835
1072
2460
2461
2730
2731
3451
3452
770
774
775
2443
2444
2456
2457
2459
2661
2662
2663
2664
2665
2666
2667
2668
2653
2654
2655
2656
2657
2658
2659
2660
2669
2670
2671
2672
2673
2674
2675
2676
2677
2678
2679
2680
2681
2682
2683
2691
2692
2693
2694
2695
2696
2697
2684
2685
2686
2687
2688
2689
2690
2698
2699
2700
2701
2702
2703
2704
2705
2706
2707
2708
2709
2710
2711
1190
1203
2651
2652
3740
3860
3861
3903
2642
3522
3523
3554
3784
3795
3797
3880
371
1089
1090
1093
1454
2153
2619
3513
831
2643
2644
3641
3642
3826
3827
3891
543
1593
1701
1702
1703
1704
2254
3179
1184
2635
3228
3683
3839
3840
3841
3896
832
2646
2647
2648
2915
3524
3581
3805
458
1387
1388
1389
1524
3069
3630
39
103
610
642
1953
1954
2052
2053
104
294
295
296
833
1280
2725
2916
299
845
847
1743
2764
2919
2920
3582
33
86
837
2458
2732
2735
2736
2917
8
14
31
78
80
218
839
2741
542
544
1696
1697
1698
1705
2571
3177
3
4
1211
2603
3507
3650
3651
3830
1052
1445
2302
2618
3392
3393
3738
102
289
290
820
1993
2606
2784
3508
288
814
816
2584
2586
2588
2594
3500
1809
1886
1887
2285
3241
3243
3688
3689
233
658
659
2099
2100
2333
2871
3314
822
895
1742
2912
2913
2931
3580
892
979
1666
2486
2903
2904
3166
3577
20
50
132
133
369
372
2729
2753
373
476
957
1097
1453
1455
1456
3092
1841
1884
1885
2608
3225
3240
3682
3687
1871
2506
2601
3031
3032
3506
3617
3628
286
809
810
1070
1086
2570
3445
3494
1173
2593
2910
3503
3579
3803
3804
3883
1159
1160
1901
2463
2998
3453
3756
3759
572
1010
1620
1812
1813
2272
3216
3274
812
2440
2580
2581
2587
3498
3501
3776
2612
2625
3444
3509
3510
3778
3779
3874
1900
2428
3439
3754
3871
3872
3907
3919
142
395
396
1167
1168
1169
1473
797
1082
1163
2531
2532
3480
3482
3769
270
763
788
2421
2501
2502
2780
3468
2598
2638
2640
3505
3521
3777
3873
3908
325
926
2620
2621
2622
2999
3000
3514
1
2
602
1930
1932
2858
3256
3926
595
1624
1831
1833
1902
1903
3222
3246
319
905
909
2115
2938
2950
3877
3909
292
825
826
827
828
2101
2629
2914
1164
1166
2626
3516
3780
3781
3782
1002
1641
1904
1906
2958
3247
3690
291
624
725
823
824
1994
1995
2308
582
1628
1849
1850
1851
3151
3525
3785
772
813
2450
2451
2583
2628
3448
3517
1001
1158
1899
3245
3747
3748
3749
3863
123
185
342
518
519
986
1329
2796
243
562
565
687
875
1781
2195
2848
118
120
330
335
1236
2001
2750
375
1100
1101
1102
1457
2982
3535
284
1036
1277
2179
2184
2553
3345
3347
244
246
425
688
695
1267
2221
680
739
2172
2173
2174
2350
3342
936
1124
1274
3028
3034
3616
3618
3818
487
1261
1262
1494
1495
1548
3030
3105
29
73
196
198
199
552
1256
1971
152
153
154
423
428
1244
1963
2757
422
1257
1259
1719
2471
2814
2815
3029
329
937
939
2000
2120
3033
3038
3039
268
758
759
1738
2087
2410
2453
2896
258
645
730
1268
1270
1496
2060
2323
1178
1198
3624
3626
3819
3820
3821
3889
187
526
728
1253
1632
1633
2036
2317
942
944
1301
1325
1414
1415
3049
3077
857
938
1278
1279
2185
2792
2793
3035
1125
1869
2599
3045
3047
3619
3621
3622
450
1015
1313
1315
2023
2190
3046
3288
368
918
1077
1078
1079
1451
2976
3037
435
436
685
1302
1306
1309
1504
2188
489
962
1500
1501
1502
1503
3107
3108
490
1505
1506
1507
1550
2224
3109
159
441
442
1311
1322
1323
1509
3110
261
426
737
1271
1272
1273
1307
1497
443
445
866
1720
2022
2818
2819
2820
60
160
161
438
447
448
1312
2759
59
157
158
437
439
1245
1310
2758
491
1320
1328
1508
1510
1551
2831
3048
23
56
57
58
412
1223
1304
2737
64
171
172
1006
1249
1945
1946
3261
24
25
61
62
63
163
838
2738
22
54
143
397
398
409
1214
1215
410
1216
1217
1303
1484
2189
3043
3349
5
7
11
12
1212
1213
1483
2727
468
954
1317
1422
1424
1425
1531
3082
16
37
97
274
414
1230
1232
3020
213
604
1260
2181
2182
2183
2351
3346
241
681
682
1035
2175
2176
2877
3343
173
484
485
486
1321
2830
113
318
906
933
1224
2942
3018
115
148
411
842
1219
1220
2749
560
1607
1760
1762
1763
1764
2264
3199
27
69
186
201
523
568
1795
2849
55
146
147
405
1241
1242
1490
1962
150
416
417
418
1243
1305
2017
2813
1123
3023
3024
3612
3614
3615
3817
3892
231
232
382
651
652
1264
1979
2869
1622
1825
2177
2178
2222
2555
3344
3363
128
356
357
358
1042
1293
2799
3364
934
961
1237
1238
1239
1489
3022
3103
332
466
868
948
949
1316
1416
2825
907
935
1747
2943
2944
3026
3589
3808
465
929
1411
1412
1413
1529
2209
3008
182
510
524
1573
1574
1625
1626
3150
151
419
420
1251
1252
1492
2180
3027
26
65
174
175
176
492
1250
2762
177
179
495
496
502
503
1545
2832
1207
1208
1482
3013
3014
3015
3611
3916
1067
1071
1448
1450
2215
3090
3437
248
701
1044
2236
2237
2238
2239
3368
488
696
1498
1499
1549
2223
3106
3124
34
88
89
840
2743
2745
3531
3787
247
697
698
2072
2229
2230
2361
2881
1043
2227
2228
2231
2360
3365
3366
3414
699
700
1366
1673
2233
2234
2235
3367
1157
1898
2362
2363
3415
3745
3746
1051
1943
2295
3389
3390
3737
956
1041
1442
1610
1774
1775
3088
3089
472
958
1438
1439
1441
1535
1556
3094
995
1031
1829
2141
2142
2342
3221
3330
692
694
1040
2071
2210
2212
2880
3358
982
1592
1699
1700
2605
3178
3666
3835
693
1440
2213
2214
3087
3359
3360
3728
463
741
1404
1405
2208
2354
2356
3412
689
690
1364
2200
2201
2355
2879
3354
1152
1894
2615
3724
3725
3726
3727
3856
653
1826
2062
2084
2085
3220
3309
3680
915
1026
1821
2116
2117
2967
3320
3596
453
454
1314
1371
1372
2024
2822
3064
494
1517
1518
1519
1520
1553
2226
3113
455
1374
1375
1376
1377
1521
2202
3065
1354
1369
1370
1606
3058
3063
3143
818
1344
1514
2600
3055
3625
963
1349
1351
1352
1516
2197
3057
3112
446
1074
1340
1341
1768
2472
3054
3457
383
1126
1127
1228
1463
1867
3019
3613
650
1357
1358
2073
2074
2075
2326
3059
162
166
1246
1247
1248
1491
3025
3104
943
952
953
1418
1419
3050
3079
3080
451
673
1359
1360
1361
2067
2149
3060
512
1564
1567
1569
1581
1582
1647
1648
67
68
180
181
183
1225
2739
2763
2649
2650
3648
3649
3829
3894
3915
3922
509
1570
1571
1572
1603
1604
3131
3142
19
46
507
968
1565
2520
3126
3129
511
1578
1579
1580
1784
3134
3206
513
1568
1585
1586
1587
1669
3130
3136
514
539
981
1589
1684
1685
1686
3173
506
1559
1560
1561
1562
2232
3127
3128
479
504
1326
1464
1465
1552
1554
3095
588
1875
2854
2857
3237
3564
3565
3799
1330
1331
1332
1511
2193
2225
3051
3623
564
1611
1778
1779
1780
2518
3111
3145
1794
1798
3196
3207
3209
3210
3672
3676
990
1644
1783
1917
3157
3204
3205
3675
74
200
563
1772
1776
3202
3203
3674
471
1129
1435
1436
3086
3635
3636
3824
470
955
1432
1433
1533
2826
3085
3634
1427
1428
1530
3083
3117
3645
3646
3828
498
499
1324
1532
1534
1536
3118
3119
1659
1660
2125
2126
2339
3163
3323
3716
750
2123
2338
2383
2384
2385
3322
3423
972
973
975
1634
2951
3153
3591
997
1429
1431
1853
2514
3084
3229
3473
480
1468
1469
1471
1542
3096
3097
3638
1139
1466
2216
2218
2357
2358
3361
3413
1134
1877
2604
3653
3654
3655
3831
3893
164
459
1390
1391
1392
2205
3070
3356
656
793
794
1382
2092
2093
2094
2523
819
1874
2602
3114
3640
3643
3644
3842
965
1423
1773
1872
2513
3081
3633
333
334
336
431
964
1287
1288
2794
615
619
1967
1969
1980
1981
2861
3273
215
449
607
608
1350
1944
2821
2859
219
618
1977
1978
2054
3271
3272
3699
190
192
421
540
1254
1255
1493
1688
214
217
613
614
617
1974
1975
2303
1683
1793
1961
2375
2377
3172
3266
3420
1650
1814
1964
1965
1966
2301
3267
3268
254
719
723
1712
2078
2304
3182
260
734
2025
2026
2106
2334
3289
3705
609
1649
1949
1950
1951
2297
3159
3263
718
1050
2288
2290
2291
2292
3387
3388
643
644
1356
2055
2056
2057
2059
3300
821
1145
1888
2609
2610
3697
3698
3700
242
620
683
1651
1982
1983
1984
2305
256
623
724
1985
1991
1992
2306
3277
348
1968
1970
2004
2539
2540
3269
3483
47
124
125
345
346
347
349
1290
720
1221
1222
1485
2296
2887
3017
53
140
390
391
612
1151
1300
1959
924
1120
1141
2500
2993
2994
3604
3813
155
430
432
433
1294
1296
2020
2817
310
629
878
879
880
1400
2010
2864
45
119
1007
1956
1957
3264
3265
3696
603
1019
1933
1934
1935
2293
3257
3299
30
32
76
1936
1937
1938
2294
3258
77
208
413
587
589
1226
1227
1876
13
28
72
195
1546
1547
3123
85
234
235
1229
1486
1487
1777
3102
1008
1185
1434
3694
3695
3845
3846
3898
202
570
571
1038
1342
2850
2966
3351
49
129
130
360
605
1939
1940
3259
801
2028
2029
2039
2040
2544
3290
3294
2431
2545
2546
3298
3440
3485
3708
3850
227
640
2044
2045
2046
2047
2319
3296
1016
1655
2030
2031
2032
2316
3291
255
721
722
1958
2298
2299
2300
3391
592
632
1889
1890
2019
3242
3287
3704
636
637
638
1355
2034
2058
2322
2866
940
1295
1298
1765
3040
3041
3042
3620
932
988
1218
1761
2119
3016
3198
3321
641
729
2049
2050
2051
2320
2321
3399
862
1104
1931
2808
3550
3849
3899
3917
122
340
341
1289
2003
2135
2136
3327
225
633
634
635
2865
2867
3567
1014
1816
2011
2543
3284
3285
3286
3703
223
224
630
631
2015
2016
2018
2313
646
1020
2063
2868
3301
3302
3303
3709
82
83
226
228
229
647
1263
2742
84
230
648
655
2061
2090
2091
3311
265
748
749
2311
2379
2380
2893
3421
1022
2076
2079
2081
3306
3307
3308
3711
732
733
2080
2328
2329
2330
2331
2332
237
669
670
736
2066
2134
2137
2341
1021
1437
1891
2069
2070
3304
3305
3710
220
257
621
726
1976
1986
2312
3396
15
36
93
94
95
1231
1952
2744
1053
2307
2309
2310
2378
3394
3395
3739
337
338
970
1999
2002
3280
3281
3702
520
1608
1609
1769
1770
1771
3144
3201
259
262
731
740
2077
2082
2325
2327
666
2065
2124
2324
2381
2382
3400
3422
361
1055
1056
1446
2146
3401
3402
3741
1822
1892
2133
3219
3326
3715
3717
3853
1027
1029
1030
2139
2140
2964
3328
3329
1092
1150
2613
2614
3332
3511
3718
3719
575
672
1823
2143
2144
2145
2343
3331
738
751
1058
2345
2347
2386
2894
3409
236
665
667
668
1732
2121
2129
2873
87
239
240
674
850
1266
2773
2774
702
1612
1782
2240
2241
2242
3369
263
742
743
744
1373
2083
2359
2892
211
493
596
597
1348
1515
1905
2856
363
1060
1061
1062
1447
1753
2147
2972
746
1048
2270
2279
2370
2372
3380
3418
364
1063
2376
2387
2392
2393
3424
3426
2641
2779
3540
3541
3543
3790
3791
3878
755
2394
2395
2396
2397
2398
2399
3427
2405
2406
2407
2439
2572
2579
3431
3495
444
537
1334
1335
1336
1512
2194
3052
1054
1588
1677
1678
2318
3170
3398
908
1748
2493
2946
2947
2948
2949
3590
980
1028
1675
1676
2128
3169
3324
704
1674
2247
2248
2249
2373
3372
3419
567
1614
1789
1790
1791
1792
2269
3208
649
978
1426
1584
1661
1662
2211
3164
599
1918
1919
1920
2365
3252
3416
3847
70
189
530
1583
1656
1657
3135
3162
1135
1879
3158
3160
3238
3660
3661
3833
531
1081
1652
1653
1654
2524
3161
3477
188
528
529
1017
1645
2037
3293
3706
1189
2455
2645
3007
3450
3857
3858
3902
532
533
534
535
1333
1658
2038
2841
705
782
886
2250
2251
2366
2482
2882
714
1834
1836
1838
2277
3223
3224
3681
1907
1908
2627
3248
3537
3789
3837
3895
209
590
591
1346
1347
2196
3056
3352
1140
1819
2273
2274
2371
3218
3381
3679
678
1034
1893
2165
2166
2348
3339
3721
205
578
616
1009
1837
1972
1973
3270
527
1631
1635
1636
1637
3152
3154
3658
716
1638
1640
1878
2284
3155
3156
3659
1003
1811
1926
3251
3253
3254
3692
3693
249
703
2243
2244
2245
2364
3370
1182
2634
3656
3657
3663
3832
3834
717
887
1735
2286
2483
2885
2886
3386
1155
2617
3383
3512
3734
3735
3736
3859
594
747
1639
1896
1897
2287
2374
3244
1085
2557
2559
2578
3489
3490
3491
3772
1832
1868
2282
2283
3234
3384
3385
3685
969
1563
1566
1575
1576
1577
3132
3133
521
566
1613
1615
1786
1787
1788
3146
911
992
1749
2131
2954
2955
3325
3592
1802
1803
1883
2607
3212
3214
3677
3678
344
993
994
1810
2533
2956
3215
3217
569
1616
1617
1799
1800
1801
3147
3211
522
1618
1804
1805
1806
2271
3213
388
1142
1143
1144
1467
1619
1808
3148
971
1133
1785
2268
3137
3138
3652
710
711
1368
2265
2266
2267
2884
3379
1018
1818
2103
2104
3295
3297
3315
3707
1621
1623
1820
2095
2096
3149
3312
3313
579
1064
1839
1840
2278
2445
3428
3446
1191
1922
2639
3750
3864
3865
3866
3905
204
574
576
577
1343
1827
1830
2851
916
1049
1444
1752
2276
2969
2970
3382
