10000000
152
269
270
271
445
446
447
584
827
860
863
864
865
939
1150
1335
34
94
95
264
265
266
268
506
544
792
826
842
843
844
1149
1327
92
257
258
259
260
261
353
543
823
824
825
929
1147
1148
1321
1360
273
463
760
866
943
945
1026
1048
1151
1364
1365
1366
1428
1498
1499
1545
14
35
36
37
96
97
98
104
170
492
507
508
793
1098
1110
1213
65
181
182
276
545
546
547
548
550
551
608
880
881
1225
1226
411
412
729
847
849
854
856
857
937
1020
1326
1328
1329
1331
1332
1486
142
376
402
414
461
517
725
730
870
1216
1303
1304
1336
1337
1489
274
415
475
768
873
874
875
876
941
1339
1340
1482
1490
1540
1541
1542
51
141
382
408
409
410
574
576
614
855
1234
1235
1320
1323
1454
143
416
417
577
731
758
886
890
1187
1342
1343
1344
1346
1491
1492
1543
99
278
279
828
829
871
872
887
888
889
891
944
1322
1338
1345
1484
100
281
282
283
383
568
648
649
650
724
830
897
946
1111
1236
1260
76
214
215
392
635
665
666
667
668
669
670
671
900
1266
1267
1268
216
418
673
675
676
732
895
901
903
947
1023
1347
1348
1349
1350
1493
101
284
285
710
905
907
908
909
948
1237
1238
1351
1352
1455
1494
1530
286
354
355
356
357
561
694
845
912
993
1152
1153
1154
1155
1172
1429
93
102
262
287
288
733
794
831
913
914
915
916
917
950
1354
1355
836
1082
1083
1084
1085
1086
1087
1088
1089
1324
1485
1495
1521
1544
1553
107
301
302
674
952
954
955
956
957
958
959
1027
1370
1371
1500
106
298
299
300
425
735
834
911
932
949
953
1353
1367
1368
1369
231
292
293
294
549
672
734
832
930
931
934
935
1156
1361
1362
1497
105
145
295
296
297
423
424
518
579
601
620
833
859
938
1157
1189
144
272
419
420
421
422
578
858
868
869
940
1188
1333
1439
1488
88
103
247
248
249
290
291
795
797
822
923
925
926
1145
1359
1496
85
91
169
239
240
241
255
256
503
504
505
540
598
607
1143
1212
82
83
230
233
234
235
351
727
728
819
820
910
928
1141
1142
1319
84
179
236
237
238
378
537
538
539
606
755
756
757
1222
1297
77
217
748
816
1040
1137
1214
1224
1447
1448
1449
1450
1451
1528
1556
80
81
178
225
226
227
228
229
533
534
536
605
818
1140
1221
78
218
219
220
221
350
404
535
789
817
1138
1139
1308
1309
1310
1480
56
155
156
403
458
459
726
1016
1287
1305
1306
1307
1478
1479
1539
87
245
246
289
783
784
785
786
787
788
790
920
921
922
951
1357
86
242
243
244
340
352
776
778
780
781
821
919
1107
1108
1144
251
405
481
771
800
801
802
803
924
1312
1313
1358
1481
1560
1561
33
89
90
180
250
252
253
254
541
542
791
804
809
1109
1146
1223
200
339
407
575
615
616
684
813
892
927
1105
1106
1317
1318
1483
457
723
754
765
1044
1294
1295
1300
1301
1474
1475
1476
1477
1537
1538
1559
232
399
722
736
737
738
744
745
1014
1288
1289
1290
1291
1293
1473
396
397
647
716
717
719
720
721
1013
1281
1282
1283
1284
1285
1286
1470
267
460
640
691
692
693
851
852
853
904
936
1275
1330
1363
1487
19
49
50
136
137
138
139
390
395
516
700
777
918
1182
1278
1356
140
173
188
398
400
401
406
571
572
573
613
808
885
1183
1315
444
632
654
655
656
743
764
898
1262
1424
1425
1426
1427
1519
1520
212
456
474
657
658
659
752
753
1263
1279
1296
1464
1469
1471
1472
1536
213
391
633
634
660
661
662
663
664
815
899
1181
1254
1264
1265
1465
73
203
204
205
280
624
625
626
627
629
631
893
894
1252
1253
74
206
207
208
532
628
636
637
638
639
690
714
814
1135
1255
1256
454
473
646
715
751
766
1042
1257
1259
1460
1461
1462
1463
1532
1533
1557
224
630
642
643
644
645
703
704
705
706
707
708
896
906
1258
1280
70
72
195
196
197
201
202
529
602
604
619
621
622
1134
1244
1250
63
67
175
176
186
187
377
522
523
524
525
526
527
603
1218
1219
64
177
275
530
531
877
878
879
942
1076
1077
1078
1079
1080
1220
1341
185
277
347
348
443
559
560
689
883
1128
1129
1132
1133
1170
1422
1423
25
26
66
68
69
189
190
191
193
528
810
811
812
1104
1131
1316
11
12
13
27
28
29
30
31
32
79
223
487
491
775
779
1208
48
134
135
384
385
386
387
388
389
515
569
570
850
1118
1180
1233
71
198
199
563
564
609
610
611
612
712
884
1245
1246
1247
1458
133
379
380
381
567
709
749
1227
1228
1229
1230
1231
1232
1452
1453
1529
154
192
452
453
586
587
588
589
617
623
713
1239
1248
1249
1251
1459
333
482
767
1058
1059
1060
1081
1090
1410
1534
1535
1558
1562
1563
1564
1568
194
591
593
594
595
599
618
711
750
1240
1241
1242
1243
1456
1457
1531
130
343
369
370
448
1000
1117
1176
1194
1195
1197
1198
1440
1441
1442
1525
42
119
127
337
358
359
360
361
362
562
846
1099
1100
1171
1173
1174
46
128
129
363
364
365
366
699
997
1175
1177
1178
1179
1184
1386
1436
44
45
62
123
124
125
126
172
349
513
514
600
799
1116
1215
1418
122
151
344
345
442
558
687
988
1119
1120
1121
1122
1123
1124
1419
1420
61
132
168
374
375
498
499
500
501
502
566
597
848
1210
1211
58
160
161
162
174
338
478
519
520
521
683
806
1102
1103
1217
1314
9
21
22
23
24
55
59
60
164
165
488
489
490
497
1095
1207
1
2
3
4
5
6
8
10
118
334
485
486
681
774
1091
1092
18
47
131
372
373
476
479
480
565
592
1203
1204
1205
1206
1444
1445
153
166
167
449
450
451
494
495
496
585
596
747
807
1196
1209
1446
159
371
468
469
470
471
472
590
867
1200
1201
1202
1443
1526
1527
1555
163
336
483
484
682
772
773
1096
1097
1554
1565
1566
1567
1569
1570
1571
467
740
763
1045
1050
1056
1057
1404
1406
1409
1511
1512
1513
1514
1550
149
368
413
435
436
437
438
582
861
862
1046
1047
1192
1334
1403
1405
308
325
326
976
977
1030
1031
1032
1033
1034
1035
1036
1378
1399
1400
1401
1061
1062
1063
1064
1065
1066
1067
1068
1069
1070
1071
1072
1073
1074
1075
20
52
53
54
148
150
439
440
441
583
1101
1193
1414
1415
1416
1516
75
209
210
211
651
652
653
741
742
1136
1261
1292
1412
1413
1515
1551
39
109
110
120
121
311
342
686
796
798
987
1113
1114
1115
1311
1417
341
346
394
455
685
688
1112
1125
1126
1127
1273
1274
1276
1421
1467
1468
393
677
678
679
680
718
902
1011
1269
1270
1271
1272
1434
1435
1466
1523
116
327
328
329
512
555
840
978
1038
1039
1041
1043
1165
1402
1432
117
330
331
332
695
841
1037
1051
1052
1158
1166
1407
1430
1517
1518
1552
7
16
17
41
43
184
335
556
557
782
882
1093
1094
1130
1411
113
319
433
466
761
762
1012
1015
1029
1299
1392
1393
1398
1508
1510
1549
321
434
739
973
1017
1018
1019
1021
1022
1024
1025
1394
1395
1396
1397
1509
114
115
322
323
324
511
554
701
746
1164
1185
1186
1437
1438
1524
57
157
158
367
431
462
464
465
702
805
999
1190
1191
1199
1387
1506
183
317
432
552
553
581
970
1004
1005
1006
1007
1008
1389
1390
1507
111
112
171
313
314
315
316
509
510
995
1001
1002
1003
1161
1388
222
320
641
696
697
698
759
996
1163
1167
1168
1169
1277
1298
1433
1522
15
38
40
263
310
493
837
838
839
933
965
983
984
985
1325
1381
312
430
769
770
966
989
990
991
992
994
1302
1383
1384
1385
1505
1548
146
303
426
427
428
580
960
961
962
963
967
1372
1373
1374
1501
1546
108
304
305
306
477
835
968
969
986
998
1159
1375
1382
1504
1547
147
309
429
964
979
980
981
982
1049
1053
1054
1055
1379
1380
1408
1503
307
318
971
972
974
975
1009
1010
1028
1160
1162
1376
1377
1391
1431
1502
