5000000
111
112
310
311
312
313
384
740
916
917
918
919
920
921
922
923
924
925
1040
1174
1175
1176
1610
1731
2245
2395
2396
2397
2398
2477
2884
116
135
284
321
322
377
378
386
544
825
826
828
947
948
949
950
953
954
1152
1181
1182
1183
1235
1713
1736
1737
1776
2372
2405
2498
2664
2673
192
309
541
542
543
827
909
910
911
1172
1173
1459
1654
1726
1727
1729
1730
1732
1733
1734
1735
1878
2301
2394
2669
2670
2671
2672
2883
2977
191
538
539
540
846
1715
1716
1717
1718
1719
1720
1721
1722
1723
1724
1725
1874
1875
1876
2300
2665
2666
2667
2668
2674
2726
2975
2976
2978
3083
103
104
287
288
289
290
291
602
603
604
849
850
851
1035
1158
1470
1909
1910
1911
1912
1913
1914
1915
1916
1917
1918
2240
2378
2739
2740
2741
2742
75
208
209
210
211
591
592
593
594
711
750
847
889
1017
1488
1879
1880
1881
1882
2051
2223
2312
2313
2314
2315
2426
2728
2729
2858
2859
2860
3042
227
613
641
642
643
855
867
1677
1924
1944
1945
1946
1947
2035
2036
2037
2038
2039
2040
2041
2042
2043
2045
2062
2752
2753
2788
2789
2790
2791
3004
3017
197
555
556
557
558
560
732
834
835
1154
1463
1657
1658
1778
1779
1780
1781
1782
1783
1784
1887
1888
1986
2304
2305
2374
2644
2691
2692
2693
2731
2984
286
553
554
831
832
833
1153
1337
1462
1714
1765
1766
1767
1769
1770
1771
1772
1773
1774
1775
1885
1886
2044
2373
2685
2686
2687
2688
2689
2690
2982
2983
130
362
363
551
552
1051
1090
1091
1092
1093
1094
1095
1096
1097
1098
1215
1216
1416
1759
1760
1761
1762
1884
2449
2450
2451
2491
2683
2684
2730
2902
2981
25
26
27
28
69
70
71
74
193
194
195
196
198
340
545
681
974
1013
1014
1015
1016
1197
1551
1560
1586
1741
2185
2220
2221
2222
2425
2675
285
546
547
549
550
829
830
1387
1460
1515
1655
1656
1745
1746
1748
1752
1753
1754
1755
1756
1883
2302
2303
2643
2676
2677
2678
2680
2681
2856
2979
2980
177
257
499
500
731
808
809
810
1148
1322
1452
1511
1535
1581
1594
1596
1597
1598
1599
1708
2033
2368
2617
2618
2619
2621
2622
2623
2959
2960
2961
3078
129
176
205
212
339
359
495
496
497
579
599
1009
1010
1012
1082
1196
1321
1582
1584
1585
1587
1588
1589
1590
1600
1644
1843
1844
1845
1902
2620
2624
206
580
581
582
583
842
843
1467
1663
1846
1847
1848
1850
1853
1854
1855
1856
1903
1904
2049
2376
2714
2715
2716
2717
2718
2719
2737
2991
2992
100
101
181
279
280
281
282
345
399
509
510
813
815
1031
1032
1033
1149
1201
1226
1227
1228
1604
1625
1630
1749
2238
2431
2495
2625
2633
2962
180
505
506
507
508
812
1323
1324
1613
1614
1615
1616
1617
1618
1619
1620
1621
1622
1623
1624
1646
1851
1852
2292
2629
2630
2631
2632
2963
2964
3079
37
65
98
99
178
179
274
275
501
502
503
504
806
811
1083
1566
1603
1605
1606
1607
1608
1609
1645
1849
2034
2217
2237
2291
2612
2626
2627
2628
187
249
526
527
528
533
625
704
705
706
1120
1385
1386
1487
1651
1685
1700
1983
1984
1985
2290
2293
2295
2296
2297
2298
2299
2551
2768
2853
2854
3040
66
67
182
183
184
185
360
512
513
514
515
516
517
518
519
520
521
1011
1084
1085
1086
1583
1647
1648
1649
1650
1652
1758
2218
2294
2447
2641
68
186
188
190
361
395
524
529
536
537
680
757
1087
1088
1089
1213
1214
1653
1958
2089
2090
2110
2219
2448
2490
2642
2808
2968
2971
3082
207
462
523
584
585
586
600
844
1468
1664
1668
1669
1857
1858
1859
1860
1861
1862
1863
1864
1865
1905
1906
2050
2311
2720
2721
2722
2738
2993
522
588
590
816
817
818
819
1150
1456
1513
1665
1666
1667
1673
1679
1710
2370
2469
2470
2645
2646
2647
2648
2649
2650
2651
2908
2969
2970
3081
189
283
532
534
589
820
821
822
823
824
1151
1695
1697
1701
1703
1709
1711
1712
1870
1871
1872
1873
1908
2371
2653
2657
2658
2659
2662
2663
2725
2973
250
530
531
587
707
708
709
710
733
845
1121
1688
1689
1690
1691
1692
1693
1866
1867
1868
1869
1907
2343
2377
2458
2654
2655
2656
2723
2724
2972
2994
151
410
423
424
425
781
782
908
1066
1141
1265
1266
1315
1316
1317
1318
1319
1320
1432
1503
1702
2019
2084
2525
2526
2527
2528
2529
2927
2928
2929
3067
379
422
836
938
1155
1156
1157
1229
1231
1264
1310
1311
1312
1313
1516
1795
1796
1797
1892
2272
2471
2496
2524
2696
2697
2857
2917
2985
3041
3063
146
150
409
420
421
776
780
945
1065
1209
1262
1263
1302
1303
1304
1305
1306
1307
1308
1309
1431
1794
2507
2508
2521
2522
2523
2921
2926
3064
3066
54
145
406
407
559
561
595
775
1250
1251
1252
1253
1254
1255
1627
1628
1786
1787
1788
1790
1791
1792
1889
1890
1891
2503
2504
2634
2694
2695
2732
2920
152
426
427
428
783
1267
1268
1269
1325
1326
1327
1328
1329
1330
1331
1332
1333
1334
1335
1336
1433
1631
1789
1798
2020
2509
2530
2531
2532
2533
2534
2930
153
411
429
430
431
784
1067
1270
1271
1338
1339
1340
1341
1342
1343
1344
1345
1346
1347
1348
1434
1504
1799
1800
1801
2274
2535
2536
2537
2538
2698
2931
149
417
418
419
779
1064
1140
1260
1261
1291
1294
1295
1296
1297
1298
1299
1300
1301
1430
1461
1474
1629
1793
2018
2506
2517
2518
2519
2520
2925
158
159
160
416
446
450
451
452
453
778
1005
1259
1287
1288
1289
1290
1415
1419
1420
1422
1423
1424
1425
1426
1427
1428
1429
1635
2213
2279
2515
2516
161
454
455
792
793
1073
1144
1292
1293
1436
1437
1438
1439
1440
1441
1506
2025
2561
2562
2563
2564
2565
2566
2567
2568
2569
2939
2940
2941
3071
72
199
200
562
563
564
565
566
596
837
848
1464
1659
1803
1804
1805
1806
1807
1808
1893
1894
2046
2306
2699
2700
2701
2733
2986
202
571
572
597
659
926
1519
1820
1821
1822
1823
1824
1825
1897
1898
1959
2094
2095
2096
2308
2706
2707
2735
2988
2996
2997
2998
2999
3000
3091
201
567
568
569
570
838
839
1402
1465
1660
1810
1811
1812
1813
1814
1815
1816
1817
1818
1819
1895
1896
2047
2307
2375
2702
2703
2704
2705
2734
2987
64
174
175
491
492
493
494
726
756
807
1081
1384
1451
1571
1572
1573
1574
1575
1576
1577
1578
1580
1643
1841
1842
2032
2289
2356
2446
2614
2615
2616
73
204
490
576
577
578
598
841
1561
1567
1568
1569
1570
1662
1834
1835
1836
1837
1838
1839
1840
1900
1901
2048
2310
2613
2711
2712
2713
2736
2990
62
63
169
170
171
172
173
482
483
484
485
486
487
488
489
679
703
1008
1080
1383
1556
1558
1559
1579
1641
1642
2216
2286
2287
2288
2639
2852
60
128
163
164
357
459
460
461
463
464
511
814
901
1006
1074
1075
1211
1454
1457
1633
1634
1636
1637
2214
2281
2444
2635
2636
2637
2900
2901
3057
88
168
248
302
474
475
476
477
624
702
860
887
1512
1514
1521
1640
1981
1982
2284
2285
2640
2767
2851
2965
2966
2967
3009
3039
3080
3105
61
165
166
167
338
358
465
466
467
468
469
470
471
472
473
1007
1076
1077
1078
1079
1212
1382
1638
1639
1757
2215
2282
2283
2445
2638
2682
308
535
873
907
960
1501
1502
1704
1705
1706
1707
1738
1943
2029
2082
2083
2590
2660
2661
2806
2922
2923
2924
2949
2974
3065
3074
3114
3117
3133
162
456
457
458
794
795
796
912
1442
1443
1444
1446
1453
1455
1458
1469
1507
2280
2570
2571
2572
2573
2574
2575
2576
2577
2578
2579
2942
2943
2944
3072
276
376
797
798
866
913
1145
1445
1476
1477
1523
2027
2028
2086
2580
2581
2582
2583
2584
2585
2586
2784
2785
2786
2787
2945
2946
2947
3015
3016
3073
3097
278
803
804
805
915
1147
1449
1450
1510
1544
1545
2031
2087
2088
2468
2602
2603
2605
2606
2607
2608
2609
2610
2611
2807
2954
2955
2956
2957
2958
3076
3077
480
481
951
952
961
962
1536
1537
1541
1542
1543
2111
2116
2604
3084
3085
3086
3087
3088
3089
3090
3115
3118
3119
3120
3121
3122
3123
3132
3134
3138
277
479
800
801
802
914
1146
1447
1448
1508
1509
1518
1532
1533
1534
2030
2591
2592
2593
2594
2595
2596
2597
2598
2599
2600
2601
2950
2951
2952
2953
3075
203
478
573
574
575
840
1314
1466
1498
1499
1500
1517
1527
1528
1529
1530
1661
1826
1827
1828
1829
1830
1831
1832
1833
1899
2309
2589
2708
2709
2710
2989
29
76
77
78
213
214
215
217
219
220
221
341
498
601
623
682
1018
1019
1020
1198
1562
1591
1592
1747
2224
2225
2252
2427
2485
2913
608
620
621
622
664
858
1473
1929
1930
1931
1966
1967
1969
1970
1971
1972
1973
1974
1975
1976
1977
2112
2761
2762
2763
2764
2765
3007
3008
3094
113
314
315
618
619
713
741
857
928
929
931
1672
1928
1960
1961
1962
1963
1964
1965
2001
2097
2320
2321
2399
2400
2401
2758
2759
2760
2861
2885
3006
218
614
615
616
617
647
856
1102
1472
1671
1925
1926
1948
1949
1950
1951
1952
1953
1954
1955
1956
1957
2054
2056
2057
2319
2745
2754
2755
2756
2757
3005
89
216
251
364
606
607
609
610
611
612
712
1099
1100
1101
1217
1670
1923
1932
1933
1937
1939
1941
1942
1988
2009
2316
2317
2318
2452
2751
292
605
852
853
854
927
1159
1471
1520
1919
1920
1921
1922
1927
1934
1936
1987
2055
2743
2744
2746
2747
2748
2749
2750
2769
3001
3002
3003
3092
40
105
106
107
293
295
296
298
865
868
869
1163
1478
2021
2052
2053
2059
2061
2063
2241
2782
2783
2792
2793
2794
2795
2796
2797
3018
3019
380
863
864
930
1161
1162
1475
1522
1538
1940
2011
2012
2014
2015
2016
2017
2060
2098
2473
2775
2776
2778
2779
2780
2781
3010
3011
3012
3013
3014
3095
3096
79
222
223
294
626
627
628
630
734
859
861
862
1160
1403
1674
1989
1998
1999
2000
2322
2323
2379
2380
2381
2382
2472
2770
2774
2862
2878
2879
3049
2139
2140
2141
2142
2143
2144
2145
2146
2147
2148
2149
2150
2151
2152
2153
2154
2155
2156
2157
2158
2159
2160
2161
2162
2163
2164
2165
2166
2167
2168
131
228
365
366
629
644
645
646
649
650
715
1103
1104
1105
1106
1107
1108
1218
1678
1763
1990
1996
1997
2326
2327
2328
2453
2454
2773
2863
2903
80
224
225
226
525
632
633
634
635
636
637
638
639
640
714
1021
1593
1675
1676
1938
2006
2007
2008
2026
2169
2170
2226
2324
2325
2777
92
109
258
259
303
304
305
735
736
737
738
739
890
891
895
896
1128
1404
1492
1694
2384
2385
2386
2387
2388
2389
2390
2393
2880
2881
2882
3050
651
675
880
881
935
956
1482
1483
1526
2068
2069
2102
2113
2202
2203
2204
2210
2813
2827
2828
2829
2830
2831
2832
2833
2834
3031
3032
3033
3034
3102
3103
108
300
301
689
882
883
884
936
964
1484
2070
2071
2242
2243
2244
2836
2837
2838
2839
2840
2841
2842
2843
3035
3036
3104
3127
3128
3136
3139
3140
3141
299
665
666
877
878
934
955
963
1481
1539
2067
2115
2117
2118
2119
2817
2818
2819
2820
2821
2822
3027
3028
3029
3093
3098
3099
3101
3124
3125
3126
3135
297
653
870
871
872
932
1359
1479
1524
2064
2065
2073
2074
2075
2076
2077
2080
2081
2100
2383
2798
2799
2800
2801
2802
2803
2804
2805
3020
3021
3022
3023
234
661
662
663
874
875
876
933
1164
1480
1525
2066
2093
2099
2101
2103
2104
2105
2106
2107
2108
2109
2810
2811
2812
2814
2815
2816
3024
3025
3026
3100
157
229
442
443
648
789
1281
1388
1389
1390
1391
1392
2058
2125
2126
2127
2128
2129
2130
2131
2132
2133
2134
2135
2136
2137
2138
2552
2553
2936
719
720
721
722
723
724
892
1124
1397
1490
1935
1992
1993
1994
2339
2342
2344
2346
2347
2348
2349
2350
2351
2352
2771
2772
2867
2868
2869
2870
2871
3045
252
253
444
685
716
717
718
1123
1393
1394
1395
1396
1489
1809
1991
2232
2329
2330
2331
2332
2333
2334
2335
2336
2337
2345
2554
2864
2865
2866
3044
84
238
239
672
673
674
676
677
879
1113
1365
1682
1683
1684
1968
2194
2195
2196
2197
2198
2199
2200
2201
2205
2207
2208
2652
2824
2825
2826
3030
132
142
351
367
368
397
398
687
688
1052
1110
1111
1112
1114
1115
1116
1117
1219
1220
1221
1223
1417
1764
2239
2338
2455
2456
2457
2492
2493
2904
2916
82
123
230
231
232
233
235
342
343
652
654
655
656
657
658
660
683
1022
1023
1024
1109
1199
1595
1680
1681
2091
2092
2227
2228
2253
2428
2809
30
31
32
33
81
83
85
86
87
236
237
240
241
242
243
244
669
684
691
692
975
1025
1552
1563
1686
2186
2187
2229
2230
2231
2249
2835
356
445
447
448
449
755
791
1070
1071
1072
1210
1283
1285
1286
1398
1406
1407
1408
1409
1410
1411
1412
1413
1414
2442
2443
2489
2514
2558
2559
2560
2938
110
118
120
306
333
334
631
747
749
899
990
991
992
993
994
995
1130
1192
1494
1696
1743
2004
2005
2417
2418
2419
2423
2424
2891
2892
2893
3054
51
121
136
137
335
336
337
381
389
402
748
996
997
998
999
1000
1001
1002
1003
1193
1194
1195
1238
1375
1744
2209
2251
2420
2421
2422
2483
2484
35
93
94
95
97
260
262
263
265
270
271
272
344
350
686
751
777
989
1026
1027
1028
1029
1030
1048
1200
1565
1602
2234
2235
2236
2429
2430
264
752
753
799
900
942
1050
1053
1493
1495
1496
1497
2079
2355
2391
2432
2434
2436
2437
2441
2587
2588
2894
2895
2896
2897
2898
2899
2948
3055
3056
3111
46
122
124
346
347
349
392
548
1034
1036
1037
1038
1039
1043
1044
1045
1046
1047
1058
1202
1203
1204
1205
1240
1750
1751
2206
2254
2433
2435
2487
2679
6
7
9
10
11
12
13
14
19
20
24
47
48
49
125
126
327
328
348
667
970
971
972
973
979
1187
1547
1548
1740
2181
2182
2412
34
90
91
119
254
255
256
330
331
332
388
980
982
983
984
985
986
987
988
1188
1189
1190
1191
1237
1564
1742
1777
2233
2250
2416
2482
8
15
16
17
18
21
36
38
39
41
42
43
44
45
53
102
329
668
670
976
977
978
1549
1553
1554
1555
2183
2184
2188
2189
2190
2823
1
2
3
4
5
117
323
324
325
326
966
967
968
969
1042
1186
1546
1612
1739
2171
2172
2173
2174
2175
2176
2177
2178
2179
2180
2248
2411
261
725
742
743
744
745
746
897
898
1129
2002
2003
2078
2353
2354
2403
2404
2406
2407
2408
2409
2410
2413
2414
2415
2886
2887
2888
2889
2890
3052
3053
114
115
316
317
318
320
690
937
939
940
941
957
958
1041
1180
1540
1611
2114
2246
2247
2402
3043
3046
3051
3106
3107
3108
3109
3110
3129
3130
3137
22
23
55
56
57
58
59
147
148
408
413
414
415
671
678
981
1063
1257
1258
1279
1280
1282
1284
1550
1557
2191
2192
2193
2211
2505
2512
2513
155
435
436
437
1004
1069
1256
1274
1275
1276
1360
1361
1362
1363
1364
1366
1367
1368
1369
1370
2120
2121
2122
2123
2124
2212
2511
2543
2544
2545
2933
3068
154
273
412
432
433
434
785
786
1068
1142
1272
1273
1349
1350
1351
1352
1353
1354
1355
1356
1357
1358
1435
1632
1802
2022
2510
2539
2540
2541
2542
2932
438
439
787
788
790
946
1143
1277
1371
1372
1373
1374
1376
1401
1405
1505
2023
2024
2085
2546
2547
2548
2550
2555
2556
2557
2934
2935
2937
3069
3070
3116
245
246
369
694
695
696
697
885
1118
1278
1377
1378
1485
1687
1978
1979
2257
2258
2259
2260
2261
2262
2263
2264
2265
2266
2340
2766
2844
2845
2846
3037
156
247
440
441
698
699
700
701
886
1119
1379
1380
1381
1486
1980
2072
2268
2269
2270
2271
2273
2275
2276
2277
2278
2341
2549
2847
2848
2849
2850
3038
133
370
371
372
728
729
730
893
1122
1125
1126
1222
1399
1400
1491
1995
2360
2361
2362
2363
2364
2365
2366
2367
2369
2873
2874
2875
2876
2877
3047
3048
266
373
758
759
760
761
762
763
764
1127
1131
1132
1133
1134
1135
1136
1224
1418
1698
2010
2357
2459
2460
2461
2462
2463
2464
2466
2467
2905
2906
2907
50
96
134
267
268
269
374
375
727
765
766
767
768
769
770
771
772
773
1137
1138
1139
1225
1601
1699
1768
2358
2359
2465
2486
2494
2872
2914
143
144
400
401
403
404
405
774
906
1230
1233
1234
1239
1241
1242
1243
1244
1245
1246
1247
1248
1249
1626
1785
2267
2497
2499
2500
2501
2502
2918
2919
52
127
140
141
352
353
354
355
391
393
394
396
693
754
1049
1054
1055
1056
1057
1059
1060
1061
1062
1206
1207
1208
2255
2256
2438
2439
2440
2488
138
319
385
387
943
944
959
965
1177
1178
1179
1184
1185
1236
1421
1531
2013
2478
2479
2480
2481
2911
2912
2915
3058
3059
3060
3061
3062
3112
3113
3131
139
307
382
383
390
888
894
902
903
904
905
1165
1166
1167
1168
1169
1170
1171
1232
1728
1877
2392
2474
2475
2476
2727
2855
2909
2910
2995
