5000000
534
1088
1759
516
1644
1648
352
1055
1206
579
580
1595
195
550
1844
178
1843
2714
1355
1358
2024
2063
1469
1901
2730
595
1799
2620
204
578
1320
1576
844
2049
2793
3018
2
1451
1707
2613
1547
1835
2708
2989
521
1650
1663
1856
2991
3088
581
584
1904
2311
841
1564
1839
575
1556
1837
2712
7
13
971
587
710
2312
2343
217
613
615
1864
202
1364
2544
114
993
2204
1444
2571
2578
505
1614
1615
1007
1951
2005
2423
2045
2539
2694
1847
1903
2737
1848
2716
2717
134
135
376
1621
138
386
387
366
1620
2259
198
558
1658
182
495
1582
1583
127
353
506
1997
2373
2375
145
406
1253
510
582
1854
2089
2638
2966
1149
1616
1851
2629
30
31
2186
618
1960
2097
813
814
2636
917
1040
1174
1730
2033
2034
2787
1942
2026
2567
280
281
282
1604
808
809
2619
2622
2623
2961
3078
782
1318
1551
666
667
2183
764
1148
2468
2628
2963
3119
806
2614
2958
850
1036
1718
473
1511
2624
2962
918
920
2396
2965
2001
2397
2884
458
1581
2573
2617
1927
1958
2088
441
515
705
1212
1213
1242
394
1211
1485
902
904
2392
1083
1758
2901
129
359
360
831
2237
2681
2892
176
496
1594
489
493
1081
168
2214
2215
511
1647
1858
67
68
188
983
12
26
29
811
2120
2369
2875
175
494
1842
583
1662
2295
154
433
2212
1695
2039
2657
699
1120
1688
2055
2748
2768
628
629
2862
500
704
2290
1954
2076
2852
180
507
1646
179
503
1559
317
3043
3106
501
504
2291
1467
1857
2718
2719
499
1322
1597
260
434
2234
2275
205
437
1370
546
1461
2680
2683
27
189
2194
74
206
208
71
197
1014
160
452
796
1549
1550
2607
36
1548
1553
64
174
982
25
65
171
1801
2307
2699
172
173
1080
2216
479
1982
2286
79
221
975
1562
268
770
2487
3
482
1546
2606
187
1584
1643
816
1709
1710
2641
279
807
2616
283
682
2238
2838
101
278
1033
274
791
2561
967
1408
2003
2411
22
58
2192
508
514
2447
143
1841
2615
149
336
1000
120
121
491
487
1560
1642
2368
2621
2960
1510
2611
2957
2959
392
529
1050
1205
553
1092
1337
348
1047
2254
2550
2551
2935
157
442
1389
590
711
2314
289
843
1156
1869
2655
2972
530
1985
2298
600
1907
1916
1746
1747
1881
703
2289
2342
1868
2750
2777
1102
1762
2684
1060
2079
2440
2898
192
540
1585
375
1054
1324
190
526
2219
117
326
1570
888
1487
2854
223
525
631
517
519
1649
535
1089
2448
69
1742
2415
538
539
1386
536
2662
2663
2974
532
754
1697
1651
1859
2642
802
803
1315
1532
1475
1823
2059
2774
602
1100
1910
601
606
1668
213
585
1863
2722
1882
1883
2729
712
1690
2316
2344
598
599
1902
1914
1915
2741
1865
1906
2721
827
1727
2672
593
1666
2313
210
592
1590
586
1457
2654
2964
207
1321
1580
1589
277
502
1603
1645
1836
1838
2990
1860
2720
2993
854
1159
2751
228
643
2052
227
642
645
1107
379
847
1157
846
1717
2665
239
240
680
851
1403
1998
2378
1870
1908
2739
589
1098
1862
893
1168
1774
1871
2725
2994
1880
2051
2728
362
562
1093
1339
805
1450
2609
596
1884
2452
113
116
1569
921
1735
2978
309
909
910
951
2669
2977
3084
112
311
313
1731
542
1878
2670
826
828
2372
285
829
1152
825
1713
1874
1712
1714
2664
1724
2187
2822
866
1162
1231
2784
662
2867
3045
2869
3046
3107
650
2066
2810
780
1794
2520
3004
3005
3093
2639
2967
3080
250
577
2310
817
1655
2646
199
1013
2425
70
194
547
193
544
2220
541
1090
1091
2449
545
1741
2675
830
2678
2979
1743
1744
2676
156
1004
1352
1577
1003
1745
2677
144
405
1228
1936
2317
2749
1678
1924
2650
1945
2037
2062
894
1169
2366
1390
1488
2315
2860
537
822
2658
818
1150
2469
658
1393
2330
874
2091
2809
312
919
1513
654
1680
2077
2902
1734
1879
2673
2644
2968
3081
2110
2601
2970
3082
960
961
1738
84
238
672
445
1398
2278
821
1151
2371
284
824
2239
533
779
2659
838
2703
2987
2973
2975
3083
810
815
1708
2640
867
2036
2788
3016
2041
2043
2790
1470
1822
1946
2742
483
724
2661
753
1693
2355
2656
51
139
389
1028
1356
1360
1803
2040
641
1679
1944
2035
450
453
2279
2017
2508
2922
1226
1229
1245
294
1607
2627
639
2031
2605
2523
2525
2927
425
1630
2273
1535
1537
1900
3079
63
170
480
1008
1312
1533
3067
3068
423
1313
1796
945
3060
3113
424
1317
1319
2527
271
272
781
1031
94
95
1565
56
152
426
981
54
486
1557
151
153
429
492
427
1631
2635
1251
1254
1787
288
842
1921
1066
1067
1209
863
2775
2776
1331
1332
2532
1345
1800
2733
1267
1325
1632
1328
1329
1798
1255
1273
1336
2533
837
1268
1333
1715
1338
1768
2686
785
1142
2362
2930
604
1917
1918
413
1063
1628
1292
1436
1754
1889
1912
2740
924
926
1732
2671
820
1711
1873
2726
361
1087
2257
864
1301
2780
1346
1896
1897
1905
840
1716
2048
270
777
2511
848
1875
2734
612
1671
1940
2016
462
463
2444
1017
1020
1198
2223
200
566
1806
1808
28
72
974
949
950
1736
1579
1587
1588
561
565
1792
2306
569
1661
2645
185
522
1659
572
1492
1825
2300
2855
2857
3041
201
568
1388
1419
1299
1463
1465
1449
1572
2528
2732
3090
3123
162
768
1006
1578
868
2100
2792
377
1147
1853
363
1097
1664
758
1416
2451
772
2450
2495
439
1375
2249
588
1216
1665
834
1200
1779
1782
1783
2692
557
560
2305
1887
1888
2731
1140
1145
1769
401
402
2267
795
1705
2576
765
2470
2908
1770
1886
2687
761
762
2460
2461
257
732
733
832
1153
1425
2497
543
941
1654
1515
2685
2982
1725
1877
2727
552
1761
1763
554
1660
1771
1861
801
1146
1227
196
555
1586
2304
571
2221
2308
594
1099
1772
1911
1776
2044
2690
21
83
286
418
1298
2688
2983
644
2691
2696
1347
1893
1913
1626
1627
2634
2791
931
1733
3017
1392
1810
2322
2702
2577
2704
2706
2101
2816
3027
3087
3122
3134
1155
1797
2697
146
410
1266
1592
923
2046
2698
2986
556
1657
1986
2643
1247
1785
2693
1749
1752
2679
1516
2984
3086
354
1049
2256
836
1154
2374
2985
2011
2773
2778
73
984
2195
1949
2053
2738
2092
2980
3085
548
1034
1750
730
731
1126
549
1656
1755
925
929
3009
968
2996
3135
3139
2999
3000
3091
1519
2735
2998
875
2811
2813
659
1110
1114
2093
1539
3021
3024
3099
1481
1824
2821
1285
1411
2515
726
755
2356
1293
1437
2517
2549
1294
1316
1441
2526
1342
1506
1832
1834
1427
1428
2516
456
1440
1816
247
698
2341
430
1341
1821
1252
1258
1260
1788
2506
2600
835
1265
2695
1073
1430
2521
248
464
701
1288
1291
1891
1381
1855
1981
2276
355
358
1618
161
454
455
783
1335
1434
2534
1215
1217
2491
384
913
1173
1233
1422
1423
2483
1472
1820
2753
789
2553
2569
2020
2021
2537
786
1435
2542
1433
2530
2565
2940
2025
2085
2566
2937
2027
2028
2581
1923
1943
2744
1477
2801
2803
1534
2944
3074
1445
1486
2584
1442
2570
2572
1295
1446
2518
911
2563
2939
570
1447
1817
2592
1459
1460
2667
1819
2575
2705
804
1552
2367
934
2827
3030
2579
2580
2945
273
1602
2625
481
484
1540
2446
245
469
1076
2231
1471
1925
1947
1303
1483
2583
573
2309
2858
471
1119
1765
2283
1634
2445
2900
459
1297
1458
1453
1454
2943
1637
2293
2294
457
2280
2850
357
460
1074
163
461
1462
59
1561
2119
2610
823
1706
2660
2666
1826
1898
2586
1309
1507
2942
3072
422
1065
1310
1263
1311
1795
1892
1536
1538
2030
2603
1525
1831
3026
468
1304
1638
420
1302
1575
1261
1296
1793
416
1064
1629
793
2363
2364
778
2361
2519
99
276
799
408
1259
1286
1287
60
164
165
467
23
668
1362
2184
512
1084
1635
1641
421
2272
2588
466
797
1480
2582
167
1077
1639
669
1305
1489
2585
378
382
1622
2262
2009
2455
2456
62
1558
2193
513
1563
1640
475
702
2284
2285
2007
2437
2442
1079
1757
2682
474
2072
2851
1514
2595
2976
914
915
2395
2591
2593
2950
1512
2951
3075
470
1078
1499
2589
1524
2598
2952
1504
2536
2931
472
1308
1505
1827
1948
2047
1508
1828
2948
1493
2587
2881
2302
2303
2856
1502
2512
2923
800
2029
2594
798
1400
2556
2874
1542
1545
2604
1509
2602
2954
2953
3077
3118
1543
2955
3121
1264
1314
1818
404
937
2268
2846
771
1354
1802
2489
169
476
477
794
1144
1448
2597
2032
2785
2786
365
1051
1106
1518
1520
2596
1517
1830
1899
2736
1501
1829
2709
2920
1523
1526
3033
1479
1957
2806
341
1019
1350
1953
2946
2947
3073
2105
2877
2883
3048
82
233
234
664
1306
2432
2896
903
2081
2466
2907
235
665
1394
1959
2095
2992
2997
2103
2814
3039
871
2383
3020
873
2080
2082
2805
660
2099
3013
1928
1962
2759
2807
3022
3023
2797
3097
3126
932
933
2400
2277
2848
2849
882
2233
2836
1163
1722
2668
81
229
649
2794
443
1070
1633
870
2798
2799
231
1023
2227
297
872
2804
653
2065
2866
2070
2228
2834
1443
1455
2574
1022
1748
2428
648
2061
2782
2246
2840
3035
299
2242
2839
689
2244
2245
1166
2386
2835
287
291
688
1484
2837
3034
736
876
2385
300
880
881
858
1327
1653
1720
766
1773
2474
136
380
381
385
1179
1775
2478
296
298
1037
1202
16
106
991
177
1369
2217
2833
2831
2832
3032
1382
1482
2282
2828
3031
3102
34
89
1026
879
2102
2825
930
1178
3015
2823
2824
3029
2113
2114
2818
400
878
1165
877
2820
3028
1963
2108
2817
1530
2106
2815
3057
3103
3128
3136
955
3101
3127
676
2206
2207
38
976
977
109
992
2203
398
737
1127
2266
252
719
1691
2135
2136
2137
1527
2864
3044
367
1111
1112
107
1567
2612
251
685
2232
2122
2125
2179
2038
2648
2789
722
1124
2346
1123
1418
1813
2458
87
91
488
412
1275
1365
2198
243
244
1025
232
656
2084
242
684
2230
671
674
1991
509
625
2292
2296
673
675
1683
211
1018
1021
85
1192
1237
1784
1272
1351
2189
2510
527
1344
1385
2297
717
2185
2332
2333
230
651
2197
5
92
989
2078
2410
2412
20
49
972
746
1189
2414
635
1676
1866
236
663
1024
2107
265
757
2904
1417
2454
2457
1104
1108
1218
1219
237
2015
2229
2492
2132
2133
2134
2129
2130
2131
2126
2127
2128
887
2853
3040
345
1030
2236
1269
1789
2509
295
1035
2241
687
1116
2338
787
2545
2546
1357
2541
2543
1175
1177
1234
1278
1377
2261
2936
2538
2932
2933
275
792
2564
657
2090
2094
2971
435
2123
2124
249
528
706
677
2069
2830
396
1378
1932
76
212
597
1276
1790
1890
50
979
2190
432
1068
2274
1359
2073
2075
2876
2074
2802
2859
1950
2056
2756
226
498
1593
713
1598
2321
1374
1379
2700
614
617
1391
75
209
591
624
1103
1673
2453
1348
1933
1984
1934
1987
2769
860
1164
2473
1474
1980
2767
497
1082
1591
1966
1988
2318
2064
2067
2800
855
1719
2379
523
1086
2969
322
1042
1976
222
626
1674
839
2707
2988
1956
2754
2755
2757
77
215
219
2196
646
647
652
2327
2057
2761
2796
2054
2795
3019
1466
2050
2710
2711
290
1158
1606
2240
214
603
605
1919
1920
2743
3001
970
1740
2674
325
994
1969
2205
3095
3096
3125
752
2433
2434
1611
2399
2885
2109
2117
3076
3124
619
1964
2758
1682
2181
2182
2652
1929
1965
2746
927
2745
3092
627
1989
2319
1955
2427
2894
620
1456
1967
2188
2096
3002
3003
3006
53
670
2191
2334
132
368
1113
622
1974
2764
608
1931
2747
1979
2058
2766
1521
2763
2765
3008
1930
1968
1970
2762
104
292
293
852
856
859
1160
2173
2174
2175
2176
2177
2178
2167
2168
2169
2170
2171
2172
314
928
3007
2164
2165
2166
2161
2162
2163
849
853
2376
2878
8
15
37
96
857
1473
2760
749
1010
2424
1939
2012
2779
2905
735
862
2381
446
1284
2382
1410
2004
2422
891
1999
2389
1941
2022
2752
1401
1996
2370
3049
845
2377
2724
258
734
2380
564
709
1094
1990
2328
2329
661
2104
2331
2865
1371
1973
2225
1522
2098
3010
963
964
1739
3105
718
2345
2771
1995
2772
3011
524
623
1672
916
1452
2618
1721
1723
1876
1399
1791
2180
2555
2863
3108
3129
302
889
890
2388
683
716
2337
714
715
2324
2325
763
2464
2906
465
1326
1476
1478
954
3014
3098
216
609
1972
2224
861
1161
2770
2471
2472
2909
266
269
1601
2060
1675
2013
2649
80
225
2226
630
1105
2323
1922
1937
2405
640
1330
1677
2326
633
759
1698
610
1101
1670
636
637
638
2019
865
2552
2783
436
1366
2202
1256
1277
1376
1353
2006
2365
2435
788
1703
1872
431
1349
1938
2540
218
616
2071
2138
2139
2140
2141
2142
2143
2147
2148
2149
2144
2145
2146
2157
2158
2159
2121
2156
2160
2150
2151
2152
2153
2154
2155
767
1171
2476
148
150
1002
1194
884
2248
2841
1409
2418
2559
999
1573
2421
1280
1387
1689
2301
24
57
973
1282
1396
1809
2701
449
1412
1439
1696
2354
2413
2889
66
181
1971
2218
1413
1812
2436
2893
490
1009
1568
985
988
1190
2482
130
364
1095
2258
769
1191
1700
2484
2485
2913
727
2359
2360
1
393
1624
2633
1195
1196
1778
262
748
2420
316
318
1041
478
1528
3054
102
333
1566
346
1046
1204
329
330
1613
899
1494
2891
32
747
2417
263
750
2426
261
745
1372
2562
1281
1429
2235
2513
938
2320
2861
3042
2429
2430
2895
751
1131
2462
122
1045
1751
2068
2200
2826
78
986
2416
1323
1432
1610
2529
1057
1058
2439
14
35
741
88
90
2199
1596
1605
2626
98
100
990
45
995
2419
47
124
343
108
301
1975
2243
191
340
1012
1015
186
339
1011
224
632
634
1977
2252
2842
48
125
128
869
1845
1846
2715
347
812
2630
2631
1495
2897
3056
1032
1201
2431
140
391
1199
1240
2486
2500
912
1039
1729
324
2819
3117
952
953
1183
3104
744
2353
2409
264
1029
1130
1415
2008
2443
3012
1407
1811
2558
935
936
2401
686
1115
1373
743
947
2087
2949
320
948
1182
9
17
43
939
1909
2402
944
1180
2403
3062
2391
2880
2882
3050
946
1181
2479
2886
2887
3052
1176
2477
2911
2480
2912
3061
319
943
1531
3063
2111
2995
3089
1541
1833
3115
3132
942
3055
3111
940
1529
2599
3058
3059
3112
2888
3053
3110
958
959
2408
966
2118
3133
3064
3065
3114
956
2002
2407
962
1185
3120
321
323
957
1612
428
1334
1737
2042
2112
2406
3094
690
1805
2247
2547
965
1544
3131
3051
3109
3130
691
1935
1992
1993
1684
1867
2653
220
621
1368
2213
118
327
328
3138
3140
3141
4
969
1186
1187
1188
2481
19
123
342
304
1726
2879
776
1307
2507
119
331
337
1044
40
485
1554
1555
740
1406
2398
18
44
115
898
1608
2890
111
1571
1840
2713
39
103
105
350
2255
2590
126
351
1617
131
998
2208
46
978
2608
2956
147
411
2269
409
1062
1262
6
10
11
2812
3025
3100
246
696
2264
693
695
697
2339
419
1300
2847
369
1052
1117
1367
1804
1894
700
1468
1686
2723
241
681
2222
1681
2844
3036
2263
2845
3037
356
444
1071
2843
883
885
2387
1464
2023
2548
2934
3069
3070
93
137
259
3137
1085
1214
1781
790
1704
2557
414
417
2270
2271
2504
2505
2781
679
2086
2336
42
97
2201
655
819
2651
2083
2921
2925
3066
775
1250
1701
2503
1380
1383
2287
440
1384
1807
1283
1397
2349
2351
33
86
987
1363
1075
1756
1983
2288
886
1167
3038
183
184
518
155
438
678
2335
567
1395
1895
2554
158
159
1005
1340
1402
2535
2568
2941
3071
3116
447
1404
1438
2384
784
1431
1702
2524
344
692
2253
255
256
1599
1135
1137
1139
370
1121
1767
2260
531
1652
1692
334
338
2250
2251
1491
2873
3047
415
520
1274
1667
1669
2647
742
1600
2404
895
896
2390
900
1170
2000
739
1694
2394
448
1072
1405
738
2352
2393
707
708
721
2299
1361
1961
2115
2116
41
303
305
1038
551
563
1760
253
1027
2347
892
2868
2871
254
723
2348
1490
2350
2870
308
906
907
407
1257
1279
897
908
1172
1421
2475
2910
2018
2522
2926
1343
1609
1849
1850
1238
1239
2499
52
55
980
1129
1235
1236
1246
2502
773
2498
2918
142
399
1574
2210
1230
1232
2496
451
1420
1636
2637
310
315
922
2981
559
1249
1786
774
1244
2501
1220
1243
2919
1203
2014
2490
1001
2209
2211
2829
332
1184
1685
203
574
1016
403
1061
1208
397
1221
1625
1223
1424
2493
1728
2914
2917
61
166
1500
2915
728
1210
1241
1248
1069
1207
1780
2488
141
395
1059
307
905
2916
576
1096
1619
725
729
1125
1766
694
720
1687
2340
1270
1271
1852
383
388
1623
996
2281
2808
335
997
1193
349
1043
1048
1496
2441
2899
1815
2514
2924
1414
2560
2938
1289
1290
1426
1814
1056
1753
2438
756
1132
1133
390
1197
2265
1109
1118
1764
1885
372
1053
1128
833
1777
2689
1122
1222
2459
760
1134
2010
133
371
2632
607
611
1978
110
306
901
267
1136
2358
2872
1503
1926
1952
2928
373
1994
2357
1497
2463
2903
1143
1498
2467
374
1138
1699
2465
1224
1225
2494
1141
2531
2929
