10000000
5
9
10
11
21
22
23
24
26
27
47
55
57
58
59
60
61
62
63
69
70
72
131
132
153
160
162
163
164
165
166
167
168
169
170
171
172
173
174
175
193
194
195
196
201
273
346
372
373
374
375
376
449
450
471
472
479
480
482
483
484
485
486
487
488
489
490
491
492
493
494
495
496
497
498
500
501
502
503
505
506
507
511
514
515
518
519
520
521
522
523
524
590
591
592
593
594
595
596
597
598
599
600
601
602
618
619
747
807
808
870
871
872
873
889
1002
1003
1103
1125
1126
1127
1202
1204
1205
1206
1207
1208
1209
1210
1211
1212
1213
1214
1215
1216
1217
1218
1240
1241
1242
1243
1338
1443
1444
1445
1446
1447
1448
1449
1456
1457
1526
1527
1528
1531
1555
1556
1557
1565
1566
1569
25
64
65
66
67
68
71
133
176
177
178
179
180
181
182
183
184
185
186
187
188
189
190
191
192
197
198
199
200
202
254
276
277
347
377
378
379
380
381
382
383
386
451
452
499
525
526
527
528
529
530
531
532
534
535
538
539
542
543
544
545
546
547
548
549
550
551
552
553
554
555
556
559
561
563
564
565
566
567
568
569
570
579
581
582
583
584
585
586
603
604
605
606
607
608
609
610
611
612
613
615
616
621
622
623
708
709
749
809
810
811
812
880
881
882
883
884
887
890
891
1004
1128
1129
1130
1131
1219
1220
1221
1222
1223
1224
1225
1226
1227
1228
1229
1230
1231
1232
1233
1236
1237
1238
1244
1245
1246
1247
1248
1316
1342
1343
1422
1450
1451
1452
1453
1454
1455
1458
1529
1530
1
2
3
4
6
7
8
12
15
16
18
20
29
42
43
48
53
54
77
78
118
119
120
121
122
134
150
151
218
219
334
335
336
337
338
339
340
341
342
343
344
345
385
439
440
441
442
468
478
557
558
638
681
682
683
684
685
686
687
741
742
774
798
842
984
987
988
1035
1065
1066
1067
1068
1069
1070
1071
1072
1073
1074
1075
1076
1077
1078
1079
1080
1081
1082
1083
1084
1085
1086
1087
1088
1089
1090
1091
1092
1093
1094
1095
1096
1097
1098
1099
1100
1101
1102
1104
1105
1106
1107
1109
1110
1112
1113
1114
1115
1116
1117
1118
1119
1120
1121
1122
1123
1124
1168
1169
1193
1272
1273
1292
1411
1412
1413
1414
1415
1416
1417
1418
1419
1420
1421
1515
1516
1517
1518
1551
1552
1564
1568
1570
1571
17
40
44
45
46
79
111
112
113
123
124
125
126
127
128
130
152
159
220
221
222
234
306
312
313
314
316
317
318
319
348
349
350
351
352
356
357
358
359
360
361
362
363
364
369
371
432
443
445
446
447
448
469
470
513
560
562
641
677
689
690
691
692
695
696
697
698
699
738
743
745
799
800
846
967
970
971
990
991
992
993
994
995
996
997
998
1005
1006
1007
1008
1009
1010
1011
1012
1132
1133
1134
1135
1136
1137
1138
1139
1140
1141
1142
1146
1157
1159
1161
1162
1163
1164
1165
1167
1170
1171
1172
1173
1174
1175
1176
1177
1178
1179
1180
1185
1194
1195
1196
1201
1270
1275
1277
1384
1385
1386
1389
1390
1391
1392
1423
1424
1425
1430
1431
1432
1433
1434
1435
1436
1437
1438
1441
1507
1519
1521
1522
1523
1524
1553
1554
39
41
108
109
110
115
116
117
129
147
149
158
304
305
307
308
309
310
311
315
324
325
326
327
328
329
330
331
332
333
367
368
384
427
428
429
430
431
435
436
437
438
464
465
466
467
510
512
580
589
740
860
963
964
965
966
968
969
973
975
976
977
978
979
980
981
982
983
985
986
989
999
1000
1001
1028
1029
1030
1031
1032
1033
1034
1036
1037
1038
1039
1040
1041
1042
1044
1047
1048
1049
1050
1051
1052
1053
1054
1055
1056
1057
1058
1059
1060
1061
1062
1063
1064
1160
1166
1189
1190
1191
1192
1200
1239
1373
1374
1375
1376
1377
1378
1379
1380
1381
1382
1383
1387
1388
1398
1399
1400
1401
1402
1403
1404
1405
1406
1407
1408
1409
1410
1439
1440
1501
1502
1503
1504
1505
1506
1508
1510
1511
1512
1513
1514
1525
1547
1548
1549
1550
1563
13
19
28
31
32
33
49
50
75
76
83
84
85
86
87
88
89
90
136
137
138
139
210
211
212
213
233
235
237
238
239
240
241
242
243
244
245
246
247
248
250
253
289
365
390
391
392
393
398
399
400
401
402
403
404
444
504
516
533
540
541
571
573
574
651
652
653
655
656
657
658
659
660
661
725
739
744
746
748
755
758
759
760
761
762
763
764
765
766
767
769
770
771
772
773
775
776
777
778
779
780
781
782
783
784
785
786
787
788
789
790
791
821
919
920
921
1016
1108
1143
1144
1145
1181
1183
1184
1234
1261
1262
1263
1264
1291
1293
1294
1297
1298
1299
1300
1301
1302
1303
1304
1305
1306
1307
1308
1309
1426
1427
1428
1464
1476
1477
1478
1479
1520
1538
1559
30
73
74
80
81
135
154
155
203
204
205
207
208
209
223
224
225
226
227
228
229
236
387
388
389
394
395
396
397
453
454
455
456
457
473
474
536
537
572
587
617
620
624
625
626
627
628
629
630
631
632
633
634
639
640
642
643
644
645
646
647
648
654
688
700
701
702
703
704
705
706
707
710
711
712
713
714
715
716
717
718
719
720
721
722
723
724
726
727
750
751
752
753
754
818
894
906
907
908
909
948
1013
1043
1182
1197
1249
1250
1251
1252
1253
1254
1255
1256
1257
1258
1259
1260
1274
1276
1278
1279
1280
1281
1282
1283
1284
1285
1286
1287
1295
1296
1352
1459
1460
1461
1462
1463
1465
1466
1467
1468
1469
1470
1471
1472
1473
1474
1475
1532
1533
1534
1535
1536
1537
1558
35
51
56
95
96
97
98
140
142
143
156
157
161
214
267
268
269
270
271
272
274
275
296
297
354
366
370
405
406
411
412
413
414
415
416
417
424
458
459
460
461
462
463
475
476
477
481
517
575
576
577
588
614
666
667
668
756
757
768
793
827
849
850
851
852
853
854
856
857
859
862
863
864
865
866
867
868
869
874
875
876
877
878
879
885
886
888
936
939
940
941
942
943
944
1021
1045
1046
1150
1151
1186
1187
1198
1199
1203
1235
1267
1310
1312
1315
1329
1330
1331
1332
1333
1334
1335
1336
1337
1339
1340
1341
1344
1345
1346
1364
1365
1366
1442
1480
1481
1482
1483
1484
1485
1486
1487
1488
1489
1490
1491
1492
1494
1498
1539
1540
1541
1542
1543
1544
1560
1561
1567
14
36
37
52
99
100
101
102
103
114
141
144
145
148
206
215
216
217
251
252
255
260
278
279
280
281
282
283
284
285
286
287
288
290
291
298
320
321
322
323
355
407
409
418
419
420
421
422
433
434
508
578
635
636
637
662
663
669
670
671
672
673
675
676
678
679
680
694
794
801
802
803
804
805
806
813
814
815
816
828
829
830
831
858
892
893
895
896
897
898
899
900
901
902
903
904
905
912
913
914
915
916
917
918
922
924
925
926
927
945
946
947
950
974
1015
1017
1018
1019
1020
1022
1023
1024
1025
1026
1111
1152
1153
1154
1155
1188
1265
1268
1269
1271
1313
1314
1317
1318
1322
1323
1347
1348
1349
1350
1351
1354
1355
1356
1357
1358
1359
1393
1394
1395
1396
1397
1429
1493
1495
1496
1509
34
38
82
91
92
93
94
104
105
106
107
146
230
231
232
249
256
257
258
259
261
262
263
264
265
266
292
293
294
295
299
300
301
302
303
353
408
410
423
425
426
509
649
650
664
665
674
693
728
729
730
731
732
733
734
735
736
737
792
795
796
797
817
819
820
822
823
824
825
826
832
833
834
835
836
837
838
839
840
841
843
844
845
847
848
855
861
910
911
923
928
929
930
931
932
933
934
935
937
938
949
951
952
953
954
955
956
957
958
959
960
961
962
972
1014
1027
1147
1148
1149
1156
1158
1266
1288
1289
1290
1311
1319
1320
1321
1324
1325
1326
1327
1328
1353
1360
1361
1362
1363
1367
1368
1369
1370
1371
1372
1497
1499
1500
1545
1546
1562
