11000000
12
29
30
31
76
77
78
79
80
81
82
83
103
127
128
163
194
215
216
217
218
219
220
221
222
223
224
225
226
227
228
229
230
231
232
233
234
265
291
309
320
366
367
368
369
370
371
417
459
490
491
492
493
576
601
602
603
629
660
661
687
705
709
713
714
715
716
717
718
719
720
721
723
724
725
727
728
729
730
731
732
733
734
735
736
738
739
740
741
742
743
744
745
746
747
748
749
777
837
838
841
842
843
844
924
925
1007
1008
1039
1040
1041
1042
1077
1112
1150
1185
1186
1187
1188
1189
1190
1191
1192
1193
1194
1195
1196
1197
1198
1199
1200
1201
1287
1297
1344
1345
1346
1347
1348
1349
1399
1400
1418
68
69
74
75
126
141
190
191
192
193
207
208
209
210
211
212
213
289
290
319
355
362
363
364
365
413
414
415
416
430
489
521
574
575
588
589
590
591
592
593
595
596
597
598
599
600
616
651
653
654
655
656
657
658
659
662
663
664
665
668
670
671
673
674
675
676
677
678
683
684
685
686
694
697
698
700
701
702
883
916
917
918
919
920
921
922
923
948
1037
1038
1076
1140
1145
1146
1147
1148
1149
1155
1158
1160
1167
1168
1169
1170
1171
1172
1173
1174
1175
1176
1177
1178
1179
1180
1181
1182
1183
1184
1264
1265
1266
1296
1330
1331
1332
1333
1334
1335
1336
1337
1338
1339
1340
1341
1342
1343
1393
1394
1395
1396
1397
1398
1416
1417
1424
87
105
106
129
130
135
142
143
244
245
246
247
292
295
296
299
300
302
337
374
375
376
377
378
390
394
395
396
397
398
399
418
419
420
421
422
423
424
432
524
529
535
672
688
689
692
693
699
752
776
778
779
781
782
783
784
786
787
788
789
853
854
890
891
893
926
927
928
929
937
938
939
940
941
949
950
951
952
953
954
955
959
960
961
962
963
1078
1084
1090
1091
1208
1210
1211
1212
1213
1214
1215
1218
1220
1254
1255
1267
1268
1269
1270
1271
1272
1273
1274
1276
1277
1278
1279
1280
1281
1282
1350
1351
1352
1353
1354
1355
1356
1367
1369
1370
1371
1372
1373
1374
1375
1376
1401
1402
1403
1406
1407
1408
1409
1419
1420
1421
1425
85
95
97
98
99
100
101
114
133
238
239
240
241
267
268
269
273
274
275
276
277
278
279
280
281
282
283
284
285
310
321
322
323
324
372
373
387
388
389
391
500
501
502
613
614
615
630
632
669
691
757
759
760
761
762
763
764
765
766
767
768
769
801
848
849
850
851
852
866
867
868
869
871
872
873
874
875
876
877
878
879
881
882
884
885
886
887
888
896
897
898
899
900
901
902
903
904
934
935
936
1009
1011
1012
1043
1044
1045
1046
1047
1051
1052
1053
1054
1055
1115
1154
1203
1204
1205
1206
1207
1238
1239
1245
1246
1247
1248
1249
1250
1251
1252
1253
1256
1257
1258
1259
1288
1298
1300
1364
1365
1366
1368
33
84
90
91
92
93
94
96
104
131
132
195
235
236
237
254
255
256
257
258
259
260
261
262
263
264
266
270
271
272
293
294
380
381
382
383
384
385
386
497
498
499
526
577
604
605
606
607
608
609
610
631
652
666
667
690
722
750
751
753
754
755
756
758
780
811
812
813
814
815
816
817
818
819
820
821
822
823
824
825
826
827
828
829
830
831
832
833
834
835
836
839
840
845
846
847
859
860
861
862
863
864
865
870
930
931
932
933
1010
1048
1049
1050
1080
1114
1151
1152
1153
1202
1224
1225
1226
1227
1228
1229
1230
1231
1232
1233
1234
1235
1236
1237
1240
1241
1242
1243
1244
1299
1357
1358
1359
1360
1361
1362
1363
1404
1405
59
60
61
62
65
86
89
117
121
123
124
125
164
165
166
167
168
169
170
171
172
173
180
181
182
184
242
243
251
252
316
331
332
333
344
345
346
347
348
351
352
353
354
356
357
358
359
361
379
479
494
495
496
503
504
505
506
507
509
510
511
512
513
514
515
516
517
518
519
520
522
523
525
527
528
551
552
553
554
555
556
557
558
559
560
565
566
567
568
636
637
645
737
770
772
773
774
775
800
802
803
804
805
806
810
857
914
1027
1028
1071
1072
1073
1074
1075
1079
1113
1116
1117
1118
1119
1120
1121
1122
1123
1124
1132
1133
1134
1135
1137
1162
1209
1221
1222
1306
1321
1322
1326
58
66
67
70
71
72
73
160
161
162
179
183
185
186
187
188
189
196
197
198
200
201
203
204
205
206
250
317
318
343
360
477
478
480
481
482
483
484
485
486
487
488
548
549
550
564
569
570
571
572
573
578
579
581
582
583
584
585
586
587
611
612
617
618
619
626
627
628
638
639
640
641
643
644
646
647
648
649
650
797
798
799
856
942
967
968
969
970
971
972
973
974
975
976
977
978
979
980
981
982
983
984
985
986
987
1006
1026
1030
1031
1032
1033
1034
1035
1036
1108
1109
1110
1111
1131
1138
1139
1141
1142
1143
1144
1156
1159
1163
1164
1165
1166
1219
1293
1294
1295
1328
1329
1381
50
115
118
137
138
139
140
145
174
202
214
286
297
298
301
325
326
327
328
329
334
335
336
392
401
402
403
404
405
406
407
408
409
410
411
412
426
427
428
429
439
440
530
531
532
594
633
634
635
679
680
681
682
695
696
785
880
889
892
905
906
907
908
909
943
944
945
946
947
956
957
958
964
965
966
1020
1056
1057
1058
1059
1060
1062
1063
1064
1065
1066
1067
1068
1069
1081
1082
1083
1085
1086
1087
1088
1089
1092
1096
1125
1161
1260
1261
1275
1291
1301
1302
1303
1304
1305
1307
1308
1309
1310
1311
1312
1313
1314
1317
1318
1319
1320
1323
1325
1327
1380
1382
1383
1384
1385
1386
1387
1388
1389
1390
1391
1392
1411
1412
1413
1414
1415
1422
1423
1426
1427
1428
53
55
56
57
63
64
88
102
116
120
122
134
146
147
148
152
153
154
155
156
157
158
159
175
176
177
178
248
249
253
287
288
314
315
330
338
340
341
342
349
350
393
431
433
434
435
436
437
438
452
453
454
455
456
457
458
460
461
462
463
464
465
467
468
469
470
471
472
473
474
475
476
508
533
534
536
537
538
539
542
543
544
545
546
547
561
562
563
625
642
771
790
793
794
795
796
807
808
809
855
858
910
911
912
913
915
1021
1022
1023
1024
1025
1029
1070
1093
1094
1095
1100
1101
1102
1103
1104
1105
1106
1107
1126
1127
1128
1129
1130
1136
1217
1223
1262
1263
1292
1315
1316
1324
1
2
3
4
5
6
7
8
9
10
11
13
14
15
16
17
18
19
20
21
22
23
24
25
26
27
28
32
34
35
36
37
38
39
40
41
42
43
44
45
46
47
48
49
51
52
54
107
108
109
110
111
112
113
119
136
144
149
150
151
199
303
304
305
306
307
308
311
312
313
339
400
425
441
442
443
444
445
446
447
448
449
450
451
466
540
541
580
620
621
622
623
624
703
704
706
707
708
710
711
712
726
791
792
894
895
988
989
990
991
992
993
994
995
996
997
998
999
1000
1001
1002
1003
1004
1005
1013
1014
1015
1016
1017
1018
1019
1061
1097
1098
1099
1157
1216
1283
1284
1285
1286
1289
1290
1377
1378
1379
1410
