3000000
2189
2545
2730
3093
3808
705
722
3786
3791
4747
291
823
1803
3071
3169
54
142
1152
1165
3898
4777
1166
2339
3796
3901
3971
656
721
1776
2015
3790
699
1775
2170
2178
2715
2103
2107
4178
4179
4868
496
740
852
1864
3794
3795
780
4099
4313
4839
4842
1332
2500
2501
4863
4915
2177
2494
4085
4204
4837
1258
2484
3203
3225
3323
4070
1019
2172
2504
3234
4201
4584
697
2383
2384
2443
3035
4199
411
1164
2204
2300
4214
4880
446
1279
1307
1502
1972
2108
2200
4180
4869
5107
2202
2207
2710
3025
4215
1302
2109
2198
2386
4211
251
706
2175
4202
4203
1222
3421
3961
3964
4560
457
459
1325
1326
1903
1511
1576
4006
5096
5112
5126
181
507
510
512
2681
1608
3989
4885
5113
5220
1299
1512
2166
2168
2169
4198
1609
4016
4904
5194
5221
2190
2192
2560
4209
4879
2153
2389
4195
4196
4224
4278
1300
1900
2171
2181
4205
5110
675
676
2081
2096
3780
690
849
2137
2302
2713
865
2313
2762
2969
3824
249
1119
1853
1856
4093
4716
90
242
243
678
1669
3056
4518
4982
4983
5146
2129
2131
2293
3760
4186
1051
1052
1841
3338
4018
2100
2155
2378
2987
4176
677
688
2085
2120
4234
2977
2978
3488
4489
4974
682
684
1771
2113
2195
1580
2329
3921
4811
5086
2130
2134
2271
2304
2984
2093
2126
4174
4676
4870
1519
2233
2380
2400
3009
4225
2382
4275
4874
4875
4877
5109
250
693
703
2098
2625
2415
3990
4287
4288
4338
591
695
1774
2409
4309
590
681
683
2101
2156
3781
936
2988
3404
3843
4293
2306
2395
3817
4182
4250
930
2970
3934
4406
4535
4788
450
1296
1899
2139
2334
2338
801
2567
2569
5182
5190
2141
2985
3018
4190
4491
1297
2145
2146
4188
4192
2149
2439
2986
4193
4492
679
692
2095
2132
2144
4069
247
687
694
1773
2125
4745
1295
2279
2835
3118
4185
481
484
3040
4729
4730
1577
3792
4007
4890
5114
96
262
2326
4256
4257
263
274
1677
3823
4037
4461
674
1157
1411
2077
4891
1322
2401
3371
3375
4246
4277
180
184
1516
1654
2613
2099
2154
2396
4249
4892
729
916
1781
1782
2760
1104
1107
3270
3511
3512
2180
2509
2554
4242
4898
2277
2280
3007
3691
4717
707
2587
2588
3060
4346
256
258
727
728
1780
741
1227
2328
3322
3918
822
1132
2632
3070
3692
97
2506
2507
2799
3045
1315
2733
3094
4253
4254
4893
984
3104
3176
3940
4536
4563
885
1218
1221
1877
2822
1317
1978
2228
2947
2956
2961
1600
4894
4896
5116
5193
1318
2354
2398
4264
4266
2357
2359
3374
4267
4268
744
2142
2341
2350
2351
747
2348
2352
2353
3019
1517
1518
2882
4897
5117
1298
2151
2152
2160
2842
4194
1524
4339
4340
4341
4924
743
1428
2337
3965
3966
1788
2290
2394
2725
3744
4245
756
2258
2259
2391
4166
4235
414
415
1259
1867
4072
1477
2476
4748
4749
5064
841
1653
2687
2690
4381
37
42
1622
2416
2583
761
2412
4289
4377
4905
760
766
2404
2429
4291
2105
2179
2503
2511
3471
4872
798
1798
2553
4335
4922
1093
2558
3882
4773
4899
5120
2410
3237
3376
4279
4285
2368
4132
4900
4901
4902
2399
3026
3027
3160
4281
4506
2402
2403
4282
4283
4903
2407
2468
4284
4300
4305
783
2387
2505
3805
4213
271
767
769
778
1676
2475
100
2305
2596
3812
3813
562
565
1742
2691
2694
220
1663
1668
1672
3135
4035
102
277
2019
2069
4074
702
2991
2992
2994
4494
517
1525
4352
4928
5128
745
1588
2343
4010
4262
1783
1784
2017
2721
3091
278
596
785
1793
1795
2629
4216
4217
4881
5196
5197
5222
3340
3687
4032
4036
4819
5089
264
265
763
2417
2628
3799
2418
3386
3387
4358
4644
603
1818
2918
2921
4466
2038
2070
2072
2073
4167
657
1508
2020
4149
4858
3361
4184
4187
4634
4871
351
990
2967
3146
3705
61
160
161
1790
2018
664
1766
1768
1769
1770
3137
660
662
2297
3767
3777
4740
666
1938
2049
2051
3298
1830
2027
2071
2242
3148
4151
2444
2624
3069
3414
4523
126
355
712
1004
2322
2651
239
670
671
1767
3778
732
1312
1313
2056
2295
2298
1937
2050
2052
2250
3269
4160
751
753
1787
2376
4273
1089
1144
1848
1851
2031
3349
88
661
2034
2273
3652
1765
2012
2036
2037
2068
330
931
932
2083
4171
665
1160
1945
3775
4124
1290
1291
1898
3933
4109
2075
4168
4169
4170
4865
1289
2063
4164
4165
5105
1288
2375
4161
4162
4163
4860
5103
5106
5189
5219
1509
3129
4861
4862
5104
409
1956
3772
4095
4840
663
1888
2039
2040
2048
1057
1286
1897
2833
3358
1914
1915
2148
2371
4158
784
2499
4148
4855
4856
4857
906
1579
1582
1970
2894
669
1974
2059
2570
4133
1073
2552
3409
3410
4497
1278
1281
4129
4130
4315
447
563
1284
1679
4147
1506
2344
4005
4125
4850
1212
3240
3364
3389
3935
4206
223
1893
1896
2620
4108
1538
1959
3354
4632
4976
913
923
924
1819
2951
4082
1054
1981
3351
4110
4583
99
268
754
2385
3654
2147
2369
2370
4142
4271
1320
1906
2367
2372
4270
34
85
86
233
236
76
202
238
241
560
1034
3283
3284
4603
4604
284
805
2243
2582
3163
3167
586
588
1761
1763
2011
230
232
235
1507
3682
3683
653
654
655
1283
2832
4143
2007
2010
2965
3356
4144
648
1987
1988
3355
4138
1986
2061
2074
2078
2975
205
571
1659
1694
1743
1995
1633
2594
4348
4854
5234
83
84
231
1980
3651
393
394
1117
3648
4706
738
2301
3300
3787
3788
228
229
642
1665
1666
3472
4200
4333
4876
4921
2349
2550
4030
4265
5092
5184
539
540
1599
1973
5191
742
746
2116
2336
2723
4913
1492
1497
2487
4800
4801
5083
1230
3985
3986
3987
4804
65
173
174
176
2611
902
903
1816
1951
2879
445
1952
1954
2054
4128
1500
1949
1950
2053
4826
1377
1485
1488
2876
4448
226
631
634
1936
4345
636
637
639
1946
3771
1942
1944
3975
4123
4712
1472
3736
3738
4306
4731
216
1631
1662
2347
4023
322
593
909
910
1817
1092
2067
2079
3473
4882
5111
638
952
1759
2922
3038
3162
1205
3758
3914
4783
5150
31
79
211
212
3759
222
600
1664
3761
4738
1593
2340
3332
3979
3982
5170
1504
4102
4843
5093
5185
270
764
2421
2434
3801
4038
1754
4062
4063
4829
4830
217
219
613
2700
3679
339
340
341
963
2731
1791
1792
2927
4073
4833
680
2256
2711
3345
4066
1260
2358
4076
4077
4834
843
846
1661
1806
2706
4033
266
749
2029
2724
3689
1246
2490
4034
4039
4820
81
218
608
622
4357
224
1756
1907
3680
3768
1215
2044
2821
3325
3938
4157
1333
1910
2510
4318
4319
4916
2626
3480
4356
4359
4930
624
1894
1901
2042
4107
1270
1891
2365
4106
4111
1268
1271
1272
1892
3928
4786
444
1555
1964
2888
3725
5042
2362
2364
4097
4269
4849
1324
2332
2333
4790
5079
2496
4844
4845
5098
5218
2497
2498
3044
3468
4846
587
1198
1758
3769
3899
306
1809
2751
2753
4078
1475
4741
4742
5061
5062
221
617
618
1182
3766
398
1125
1129
1855
3218
3292
237
240
245
2080
2623
200
555
817
1652
3067
145
408
614
921
1863
2942
427
430
1217
1713
1876
619
620
623
1755
1878
2701
1167
1503
3467
3798
3828
4841
2361
2363
3348
3433
4630
1249
1598
1884
3924
5186
1242
1881
1883
2218
2825
3142
621
1885
1887
2946
4103
1266
1269
1866
1890
4096
189
193
537
1554
2615
1147
1149
3717
3735
3737
840
1561
1736
2684
2742
5063
526
1734
2685
2686
4380
2390
2392
2393
4241
4588
192
532
533
534
3745
191
531
1572
1575
1655
433
1233
1880
2824
3726
777
1122
1124
2469
2805
3112
1560
1965
4733
5058
5172
87
234
1632
2593
3535
1234
1236
4002
4003
4809
1556
2057
3446
4705
5048
527
1558
1559
4000
4001
1465
2872
4709
4710
4727
522
2276
2683
3083
3672
1247
2826
3398
4031
4428
1351
2518
2676
2677
4376
1535
1958
3994
4806
4938
175
3670
3676
4713
5051
182
1126
2806
3673
3891
2163
2433
4460
4463
4965
69
183
1496
3647
3983
516
1486
1732
4145
5102
502
503
900
1479
1480
2875
515
1156
1862
2682
3741
4378
1148
2289
2473
3734
3740
4732
1470
1471
1943
3977
4725
4723
5055
5059
5212
5227
179
500
1731
2917
4464
67
178
499
501
5057
820
821
2619
2740
4399
70
185
187
2199
2604
91
244
685
2118
3684
2121
2419
3380
3388
3391
283
286
289
803
814
816
1681
1801
2612
2737
3066
208
209
210
585
2618
1772
2136
2325
3674
3675
74
549
1630
2901
3749
246
691
733
3783
3793
75
198
553
554
1740
199
550
551
2616
2689
4355
342
1828
2647
2697
3086
201
559
1254
4055
4058
4827
545
548
1151
1626
3748
3754
575
1528
1957
2693
4939
1274
1353
4114
4115
4383
309
882
1170
1811
1812
2813
2310
2314
2914
3013
3157
467
1352
1721
1722
2000
2065
557
577
579
1658
1745
581
583
1746
2005
3757
1705
2241
2929
3138
4469
4967
509
1253
4054
4056
4347
667
1256
4065
5179
5180
1050
1729
2492
3227
3334
4624
206
572
1709
2292
3755
556
1656
3746
3750
4734
323
1667
1673
2910
3836
566
1153
3753
4735
4737
616
1179
1868
2944
3839
141
396
399
1121
1707
403
1141
2286
3895
4726
635
1455
1940
2622
3681
574
582
1741
2006
3662
1245
1645
3655
3656
4028
157
511
704
1857
3718
401
672
1161
2811
3779
708
804
2203
2662
3810
55
147
148
402
1140
3644
786
789
1711
2521
4048
4950
1169
1172
2206
3764
3806
413
833
2663
2665
3079
146
412
465
1710
1999
124
127
348
2602
3168
353
828
2649
2650
2774
576
1388
1724
3406
4475
346
978
2648
3946
4366
781
1489
1491
1794
1947
152
397
1214
1216
3665
3915
1204
2819
3115
3911
3912
438
1208
1250
1251
2827
151
424
425
426
1712
57
162
422
452
3720
423
1168
2664
3902
4779
901
1460
2878
3834
4447
2482
2483
4780
4781
5075
1203
1209
1211
1874
1875
1195
1872
3889
3890
4775
421
1197
1199
3909
3910
405
2127
2283
2285
3716
23
56
416
1646
3280
3664
443
448
451
2669
4101
1273
1505
4113
4118
4847
58
155
834
1238
2666
2002
2964
3415
4529
4531
4532
1232
3993
4944
4947
5133
156
436
1464
3645
4704
1879
2945
3920
4476
4784
252
986
1671
2907
3136
592
1257
1778
1886
3926
1206
1228
1231
2823
3919
1244
3923
4785
5015
5157
4
164
1644
2549
4818
5192
435
960
1142
2589
3723
3999
153
428
1219
1647
3721
3916
1229
1468
3289
3722
3976
836
2566
3273
3522
3818
5174
1287
2043
2670
2671
4374
454
455
1306
1311
3936
449
1717
2406
2441
4297
1308
1314
1316
4230
4432
4433
442
1265
1889
3724
4104
1499
4047
4824
4825
5091
768
1723
2916
3034
4052
387
1146
1280
2658
4136
453
458
835
1323
2741
460
1720
2915
3291
3728
979
1143
2809
3853
3896
1145
1859
2033
3709
4094
832
997
1804
3074
3170
464
1341
3385
3945
4791
159
1648
1649
1985
2062
2609
1339
1340
2287
4244
4344
4728
108
110
958
1826
2598
158
165
461
1123
1619
796
1243
1882
4024
4816
862
892
1820
2754
2761
2949
27
66
1628
1911
4022
4926
177
528
530
1562
1735
71
72
1116
1629
2590
49
285
807
808
2586
1670
1674
1989
1990
2908
276
779
1827
2480
2934
2630
2634
4360
4361
4931
269
772
774
853
2729
105
810
2597
3063
4350
2489
3043
4020
4026
4815
4817
109
295
298
300
831
2656
32
78
80
207
2592
926
1613
1614
1620
2960
5235
13
25
26
62
63
28
29
68
2581
3639
10
18
41
104
1636
806
2557
2844
4434
4925
5127
40
46
98
101
1623
1624
94
95
908
1621
2900
1627
1979
3630
3631
4135
400
535
1134
2572
4008
7
24
59
60
2578
1011
3213
3214
3215
3272
4577
1612
2898
2899
4017
4019
5230
196
546
547
1625
4021
12
1616
1618
2041
3635
391
1109
3528
4697
4698
22
1111
2659
3077
3637
21
47
50
123
3642
1852
2032
3714
4606
5013
392
1112
1113
3640
4702
38
39
2270
2584
4703
724
1105
1106
2802
3519
131
132
1032
1643
3277
35
508
651
956
3049
3653
248
2159
3685
3784
4068
4831
612
1131
1196
1753
3892
357
872
1009
2214
2781
2785
140
1139
2660
3646
3715
15
77
82
2272
3650
1310
2274
3660
4240
4889
253
713
714
2718
3789
3576
3577
3578
3579
3580
3571
3572
3573
3574
3575
3586
3587
3588
3589
3590
3581
3582
3583
3584
3585
3556
3557
3558
3559
3560
3551
3552
3553
3554
3555
3561
3562
3563
3564
3565
3566
3567
3568
3569
3570
3596
3597
3598
3599
3600
3591
3592
3593
3594
3595
3605
3606
3607
3608
3609
3530
3601
3602
3603
3604
3610
3611
3612
3613
3614
3615
3616
3617
3618
3619
3620
3621
3622
3623
3624
3625
3626
3627
3628
3629
1336
1337
1338
4330
4914
5123
800
802
2564
2734
3055
2196
2573
2575
5231
5233
1487
1495
3922
4812
5076
1240
1604
2346
4014
4015
1591
1605
5166
5207
5211
558
561
1660
2906
4382
3536
3537
3538
3539
3540
64
168
169
170
3669
5
2576
3057
5226
5232
3969
4237
4238
4640
4641
1610
2060
2973
4134
4853
573
1241
1714
1744
3463
4814
542
1607
2291
3747
4057
195
543
5164
5165
5210
2411
2514
2515
4317
4321
2182
2516
2517
4322
4923
16
33
89
4239
4888
825
2201
2645
4364
5004
1601
2897
4452
4456
4962
564
2568
3751
3752
5060
395
1118
1264
1849
3515
4092
1239
1342
1581
4353
4929
5129
1379
2892
3132
5118
5119
4302
4909
4910
5121
5195
273
776
2467
3513
3690
1335
2556
4328
4920
5125
3541
3542
3543
3544
3545
3546
3547
3548
3549
3550
819
857
2477
2738
3814
4750
792
1796
1797
5108
5173
5213
5043
5047
5167
5168
5169
1130
3686
3688
4718
5053
795
2413
2542
3029
4692
1596
3521
4696
5045
5181
1478
4754
5066
5067
5175
607
845
2699
3454
4753
538
1592
1606
2345
4011
441
1053
3344
4053
4064
1108
3524
3525
3527
5205
1941
2955
4121
4122
4848
1226
3531
3633
3974
5046
1585
4564
5141
5142
5202
6
1615
2577
3533
4342
1115
1194
3887
3888
4774
388
1099
2327
3496
3908
1101
1459
2801
3505
4689
1571
1967
4004
4810
5094
3267
3268
3500
3501
4598
643
1573
1574
1968
2058
1597
5183
5216
5217
5228
505
506
1484
3739
3981
3984
1493
1948
2877
4805
5084
2488
4311
4813
5087
5088
434
1235
1237
3470
4864
2548
3326
3939
3943
4332
4792
497
1277
1461
3930
4126
1966
3508
4802
4803
5082
525
1552
2188
3439
4662
194
541
580
1737
1738
645
1594
1975
3773
5176
5214
1595
4778
5074
5178
5215
1564
3457
5072
5073
5177
1514
1760
1953
2055
2957
4127
1362
4409
5135
5136
5200
520
905
1532
1533
3130
4955
1534
1536
2885
3995
4960
1531
1542
3996
4416
4949
521
1537
1539
2528
4979
519
1530
2884
3742
4527
4943
1568
1569
4453
4454
4963
3128
4545
4991
4992
5149
1490
3127
4444
4446
4959
1473
1815
2024
2874
2932
4736
1584
5138
5139
5201
5223
2869
3925
4236
4280
4445
17
36
73
544
1617
3253
4664
4675
5033
5034
349
988
3504
3702
4721
2940
3133
3134
3139
4547
4549
985
1567
2891
4546
5081
3208
3210
3247
3249
3251
615
1865
2303
3803
3838
4751
1380
1384
2924
3954
4467
589
1748
1751
2009
2920
350
879
1363
1394
2636
2752
3516
3517
4694
4695
5044
552
1739
2903
4458
4964
765
2432
3403
4427
4457
2014
2086
2097
2966
4172
668
1521
1522
1955
4907
474
1651
3671
4029
4711
303
863
911
1686
2909
3697
143
404
1708
2435
3033
2226
2925
2933
3141
3184
989
3143
3144
3145
4551
463
471
2959
3729
3731
1372
2851
2853
3947
3952
4436
1368
3951
4425
4426
4953
1135
1706
2807
3701
3893
312
880
881
1177
3829
1360
2849
4691
5099
5187
1365
1917
2046
3950
4418
1587
2893
3336
4009
4481
4971
640
1921
1922
1960
2958
757
759
1357
2726
4393
1102
2174
2485
3503
4793
5056
611
920
2936
2939
3140
992
993
1831
3226
4473
4621
2776
2855
3123
3396
4410
601
867
869
1810
2749
1348
1349
4370
4438
4957
895
1374
2854
4439
4440
983
1387
3124
3180
4543
1373
1919
4116
4442
4443
2234
2426
2840
2841
2997
3032
2430
2431
4290
4292
4906
981
1330
3119
3120
3942
1409
2861
4541
4542
4990
347
980
3116
3117
4540
429
432
1223
2608
5171
2183
2522
4420
4435
4956
472
894
1371
2755
2852
437
440
1255
1715
2667
1583
4430
4431
4693
5137
2047
2971
2972
4159
4487
3206
3239
3384
5005
5154
1390
1923
3956
4485
4486
225
630
1391
4117
4794
1389
4480
4482
4483
4972
716
2091
2117
2235
2989
3042
771
2092
2123
2728
4395
1520
2140
2342
2440
3988
3991
594
595
1789
2696
2727
1398
3246
3412
4294
4508
4509
1393
3408
4493
4495
4496
2237
2858
3000
3957
4499
968
971
2680
3082
3090
4501
2229
2437
2962
3245
3407
4484
513
1510
2502
4316
4867
752
948
2373
4154
4156
4272
1127
1128
1466
2278
3448
4714
649
928
1992
2963
4139
1747
2008
2227
2919
4223
254
715
2236
4226
4884
93
1545
2534
4587
5006
719
2238
2246
3211
3261
4227
1515
2244
3001
3369
4229
1059
2251
3274
3282
3366
3677
883
1207
2816
3321
3913
709
710
1304
1777
4219
4220
1210
1301
2820
2836
3932
4208
2013
2084
2087
4067
4146
2111
2191
2194
2205
2981
2993
1305
2221
2222
2388
4222
1611
1976
2881
3153
4450
1403
1417
4565
4566
5140
479
1401
2197
2591
3061
1404
1406
1927
3960
4526
1757
1908
1909
2952
4112
103
279
281
788
2631
799
2559
2561
3054
4336
1586
5147
5148
5204
5224
1603
2571
4973
5143
5203
1220
1395
4100
4795
5080
1408
3113
3416
4538
4539
1451
1467
4667
4690
4715
896
1402
2859
2860
3832
476
1386
2678
3081
4474
1040
1175
1292
1378
1854
172
1410
3125
3281
4544
171
477
478
1924
2675
1397
2379
3024
4978
5144
1396
1925
3021
3158
4503
2366
3022
4504
4980
5145
1399
1566
4512
4789
5078
48
128
359
2445
3659
4525
2158
3028
3379
4331
4507
951
1327
2442
3941
4296
2167
2374
2451
3023
4505
4578
280
794
2184
4752
5065
2523
4324
4325
4449
4961
3048
3484
4421
4917
4951
4952
790
2525
2526
4075
4968
4969
2106
2185
4326
4919
5124
475
480
1400
1926
3732
3733
2138
2397
3949
4259
4895
2255
2458
3228
3333
4623
2462
4303
4616
4618
5017
945
946
2213
3102
4407
944
1823
2026
2968
3030
3147
1833
1835
1836
2935
3186
439
1719
3343
4051
4084
605
1829
2551
4083
4836
604
953
1328
1825
2470
3039
332
938
939
2089
2110
329
331
937
2644
2990
866
1392
2765
2980
4490
334
1871
2817
3006
3155
336
950
2356
2767
3020
311
878
947
2803
3111
893
943
1814
2846
3011
1916
2688
3084
4137
4524
4724
417
1178
1186
2815
3861
3904
964
2770
3241
3242
4408
957
3053
3703
4516
4517
955
2768
3047
3164
3394
468
1356
1359
2424
4400
782
2176
2491
2493
4823
293
343
827
1802
3816
345
975
2764
2766
3101
3103
652
970
2707
2709
3088
337
962
2639
3072
4521
138
2605
2606
3064
3065
119
338
567
1691
1692
4042
373
536
1589
2268
3520
949
2544
2547
3052
3848
2524
2646
4465
4515
4966
4970
954
1334
2520
3847
4323
1174
1180
1185
3765
3819
3820
118
327
646
1639
1690
1982
326
922
2436
2643
4479
2025
2668
4372
4373
4935
927
4403
4405
4946
5134
215
599
1303
1750
4212
658
1813
2022
2023
4080
2133
2309
2311
3837
4251
2883
4367
4379
4933
4937
934
935
1822
3845
4762
2479
3041
4511
4761
5068
255
259
260
584
734
302
317
1683
1687
1993
2064
112
307
308
1347
4365
120
335
1015
2783
3222
3849
324
914
3012
3700
4720
1523
2223
2890
3126
3181
4918
2453
3200
3209
3212
4571
4572
333
942
2653
3073
3075
907
1602
2896
3526
3835
4455
904
1541
2757
2886
4985
9
14
30
43
3634
3641
115
116
316
320
321
898
1361
2756
3833
4759
325
918
919
1689
1994
117
826
917
2641
2930
2931
1385
2857
3955
4470
4471
319
899
1469
2642
2873
696
1042
2157
2654
2714
974
3099
3100
4534
4988
121
912
2114
2225
2913
1358
2732
2950
4396
4397
775
2253
2719
3305
3392
4392
2422
2425
2698
3031
4384
2735
4398
4401
4402
4945
686
2257
2982
3377
4286
166
462
469
470
1650
2519
2716
3482
4391
4942
376
1064
2284
2655
4243
129
288
812
813
2600
2603
111
304
858
2599
2743
811
855
2210
2736
2746
282
797
2414
2555
4334
762
856
2745
3096
3800
3822
965
967
969
2772
3080
3171
2143
2212
2995
3362
4218
514
1513
2209
2211
2880
2267
3507
3510
3523
5097
5101
915
2208
2712
2759
2923
848
850
854
1807
2744
730
731
851
1733
2720
1282
1895
2330
4140
4141
4258
1902
1904
2948
4477
4478
2090
2112
2115
2220
4221
1529
2705
4385
4388
4940
144
407
844
1154
2808
3756
186
518
1526
1527
3992
1578
1969
4941
5131
5132
5199
1158
1355
3297
4387
4389
625
626
627
2702
4386
628
1354
1913
2703
2704
297
837
838
839
1805
659
1476
1764
3776
4743
1369
1549
3327
4625
5020
1261
1262
3927
4081
4835
871
873
1155
2810
3762
150
328
996
2926
3165
4559
1079
1080
3110
3250
3429
886
888
2219
2830
2996
3830
602
884
890
2839
3831
1382
1383
1696
2856
2911
4462
410
1162
1869
2035
3900
213
1176
3306
3678
3826
4757
864
1685
1688
2758
4041
735
2308
2818
3221
3307
1202
1726
1730
2003
3907
875
973
2315
3098
3175
3851
106
860
1637
2747
2748
726
2124
2128
2231
2983
3285
301
305
859
861
1638
3696
824
868
2739
2771
3815
3825
19
44
113
2579
4423
107
292
2635
2672
4362
214
597
598
787
2633
296
1343
1345
1346
1682
847
1684
2637
2708
3821
2565
4131
4852
5090
5188
204
1693
2638
4363
4932
299
842
2307
2695
3085
2408
2478
4308
4755
4756
889
891
2834
2837
4719
1331
2495
2843
2847
4312
4314
114
313
314
315
2640
3347
4079
4089
4091
4629
2320
2527
4255
4502
4975
4977
570
650
1716
1997
1998
2974
378
379
1061
1072
1702
1703
1550
3372
4639
5022
5160
1437
1438
1935
2076
3432
3328
3929
4228
4233
4620
1441
3365
3367
4636
4637
940
2232
2261
2999
3350
887
1309
2828
2829
2838
933
1821
2082
2230
2976
2979
2722
3393
4394
4646
4647
489
490
1434
1435
4883
4886
1010
3002
3243
3244
4498
809
1799
1800
2260
2928
3395
2252
2318
3865
4232
4607
1439
3352
3353
4120
4631
491
578
1718
2001
2004
2066
2187
2537
4207
4878
5023
473
1375
1376
1962
2674
3953
1294
1443
3359
4643
5026
755
2150
2381
4181
4189
4635
374
1055
1058
3872
3873
3233
3357
4153
4155
4633
51
135
136
386
3643
154
431
2275
3663
3666
188
524
1056
1842
2614
2791
310
2750
3097
3827
4628
1060
1843
2215
2792
3874
1076
1844
1845
2030
4090
748
1785
1786
2355
4071
1285
2021
4150
4152
4859
3068
3411
4522
4653
4984
488
1422
1429
4581
4582
3399
3400
4437
4441
4451
4958
1381
1423
1920
1932
2889
3131
1546
1963
2887
3997
5021
485
4252
4404
5100
5115
2216
2795
3405
4468
4472
1075
3417
3877
4513
4514
4528
2088
2102
2104
2763
3842
876
1066
2794
2796
3109
961
1071
3062
3413
4519
4520
1024
1752
3425
4061
4658
380
1074
2793
3076
4369
2998
3154
3418
3878
4555
3419
3420
4552
4556
4656
711
2217
2717
2786
3271
4599
629
1367
1370
1918
2850
1014
1017
1442
1834
2868
3220
1069
1070
3401
3711
4649
1021
1350
4375
4936
5130
1067
2161
2423
3390
4390
2546
3875
4769
4771
5071
2224
2895
2904
3337
4012
4459
2119
2245
2247
2249
4183
1062
2377
3381
4274
4887
2784
3106
3363
3863
4197
2461
4248
4299
4638
5024
1319
1321
4276
4654
5029
1590
4013
5031
5162
5209
1065
3382
3383
4642
5025
1344
1912
2045
2845
4351
4354
389
1100
1458
3498
3884
190
529
1563
1565
3506
5077
1540
3489
4680
4981
5040
3266
3494
3495
4597
4685
5002
3491
3497
4987
5018
5041
2263
3004
3302
3430
4611
1
420
1193
1850
3317
3713
877
2797
3442
3443
3444
1028
3263
4681
4954
5039
3005
3260
4191
4231
4873
2541
3486
4678
4682
5038
2512
2513
3477
4320
4908
3262
3479
4349
4679
4927
3050
4327
5003
5153
5206
2508
3046
3474
3475
4677
133
134
167
2610
3532
3661
1086
1847
3855
3880
4765
1824
2323
3015
3017
3886
2162
2427
2800
4417
4419
53
1114
1120
2457
2804
1095
1096
1188
3487
3883
1190
1192
2420
4371
4934
2324
3257
3458
3894
4776
1097
1098
2266
3483
3490
385
1091
1094
1704
3712
4046
8
11
52
139
2769
137
344
1136
2585
3704
3706
1557
2543
3657
4707
5049
1090
2265
3441
3476
3478
4673
257
725
1110
2269
2627
3534
130
466
2288
2661
2673
3730
3248
3264
3428
4590
4596
1494
3461
3462
4672
4807
3254
3447
3456
4666
4670
4763
2539
2540
3051
4329
5036
1501
3466
4674
4832
5037
1498
3259
3465
3469
4822
4851
1081
2460
2464
3435
3453
4645
1225
1456
2871
3973
4683
773
1063
1329
2455
4304
2459
3944
4301
4310
4912
698
2164
2165
2438
3529
1293
3360
4173
4177
4866
1026
1838
2937
3258
4594
3329
3958
3959
4592
4797
5008
203
275
287
1678
1680
2617
1163
2299
3785
4626
4627
4746
493
1444
1551
4808
5028
5085
1191
1248
3632
3876
4040
5198
381
723
1077
2657
5027
3255
3449
3450
3451
4668
2122
2264
3459
3460
4671
1449
1450
4661
4665
5032
362
1025
3252
3402
4650
1022
3107
3427
4537
4657
4659
1425
2452
4585
4589
5007
2454
3037
3311
3846
4600
377
1068
1138
1858
3710
2463
2465
3431
4619
4660
1078
1846
3437
4652
4663
382
1082
3434
3440
4669
999
3173
3174
3191
4562
998
2779
3172
4411
4561
1543
4993
4994
4997
5151
2471
2532
3493
4708
4998
5052
2530
2533
3807
3809
4989
2574
4699
4995
5225
5229
818
941
3190
3481
5152
2
1159
1418
3183
4569
5000
1001
1002
2780
3179
3182
3193
2446
3178
3192
4510
4533
1445
1446
2538
3422
4651
1412
3962
3963
4550
4796
482
972
1405
1407
3095
3185
3194
3195
3196
4570
197
227
1413
1657
2621
2905
3152
3187
4554
4567
4999
673
3089
4488
4530
4986
991
3149
3150
3151
4553
1544
3207
4574
4575
4576
791
2186
2447
2529
2531
4548
2405
2448
2449
3036
3378
4295
718
1779
2016
2240
3156
1213
3236
3368
3370
3373
3937
959
995
3058
3059
3161
3166
1414
3189
4558
4568
4996
318
1416
2282
2863
3286
3699
929
1181
3010
3841
3844
4500
2316
3159
3188
3856
4557
632
897
1415
1930
2862
870
987
2777
2778
3105
1366
2428
3397
4422
4648
4948
384
1088
4766
5069
5070
606
1474
2028
3978
4739
1000
1832
3177
3858
4086
2262
2782
4412
4591
4595
1005
1006
1008
3204
3232
1012
1137
3707
4722
5054
1013
3216
3278
3514
3649
1029
3205
3265
3485
4573
1427
1430
1447
1933
2865
361
1020
3219
3235
3424
487
1426
3256
3436
4593
1016
3201
3217
3290
3312
3862
1419
1420
1931
3423
5001
2281
3008
3198
3693
3695
3719
356
1007
3197
3199
3860
1695
2775
3092
3122
4043
383
1085
1087
3455
4758
4760
272
770
2450
2812
4298
92
739
1634
2595
3867
1083
1084
2798
3445
3452
4701
976
2773
3850
3852
4764
149
994
1003
2607
3857
3859
689
2296
3299
3770
3782
4247
261
352
736
737
2317
568
1697
3341
3342
4044
20
125
360
2580
2652
4343
1642
3464
4025
4027
4821
3804
4059
4429
4744
5050
569
1762
1996
2692
3774
290
294
1173
2814
3694
4424
122
354
358
1640
2601
2193
2562
2563
4337
5155
390
1031
1103
3275
3518
1553
3499
5035
5161
5163
1133
3287
3288
3698
4605
5011
5012
5156
5158
5208
366
1033
3279
3866
4602
1457
2466
4610
4686
4687
5014
1570
1861
2938
2941
3509
5095
1436
1440
2867
3335
3998
793
2536
3229
3339
5016
1046
3315
3320
3870
3903
3905
641
644
1548
1961
5009
523
1547
2535
3743
5010
406
1150
1860
1971
1977
3897
483
1725
2831
3087
4615
717
2239
3108
3114
3316
1043
1044
3202
3223
3314
1454
1939
2870
2954
3331
1049
1840
4622
5019
5159
1018
1267
3230
3346
4098
2486
3492
3502
4684
4688
2335
3016
4260
4261
4263
1224
3968
3970
4798
4799
495
633
1432
1452
1934
3972
1275
1928
1929
2953
4119
492
494
498
1276
1727
1728
1421
1424
2864
4579
4580
486
647
1641
1983
1984
1433
1462
1463
2679
3967
4700
1448
3426
3438
4655
5030
1037
1431
2866
3293
4608
1023
2248
3231
3238
4586
982
1839
2848
3121
3313
3854
1047
2481
3003
3871
4770
1038
3294
3295
3296
4609
750
2456
3303
3797
3802
3
267
758
1635
2331
2902
3308
3309
3310
4613
4614
815
1041
3304
3811
4612
720
2254
3318
3324
3931
4787
364
365
829
1030
1837
368
977
1039
1183
3301
3708
874
2788
2789
2790
4413
4415
1171
1200
1201
1873
2943
1263
2360
4087
4088
4838
609
610
1808
2294
3763
363
1252
1698
4045
4049
4050
2472
2474
4307
4911
5122
369
1045
3319
3917
4617
4782
372
375
966
1700
1701
3078
163
456
1905
3667
3668
3727
367
370
830
1699
2912
4368
1035
1036
1364
2787
4414
45
3276
3636
3638
3658
4601
1027
1453
1749
4060
4828
418
419
1189
1870
3868
1184
1187
3864
3906
4767
925
1675
1991
2312
3840
2321
3014
3224
3881
3885
2094
3948
4105
4175
4210
371
1048
2135
2319
3330
3869
504
1481
1482
1483
3980
700
701
2173
3879
4768
4772
