2000000
563
1593
1952
5061
5062
5063
6959
1134
1982
3230
3585
3586
3588
6416
6417
1594
2163
3690
5064
5066
5152
6960
6961
3607
3609
3670
3671
5067
6425
6445
6446
408
1152
1153
1154
2686
3661
3666
4092
1425
3243
3644
3645
3646
4305
4548
6668
1368
3650
4371
4372
5230
6695
7448
1136
3231
3233
3591
3592
3593
3600
6293
1661
3599
5285
5286
6421
7045
7568
3292
3302
3579
3854
6315
6316
6319
7319
1077
3177
3364
3365
3366
3367
3368
6343
1044
1948
3239
3240
6296
6297
7312
7663
3152
3244
3245
3246
3653
4482
6298
6440
1040
1041
2659
3151
3221
6265
6289
7301
3150
3235
3236
3238
4481
6294
6295
7311
1491
4537
4539
4739
4740
4741
6759
6835
3226
3227
3573
3574
3575
3576
3578
4536
1424
3621
3834
4543
4544
4545
6502
6761
718
2095
2096
2097
4288
4685
5937
6758
3353
3355
3584
4428
4430
6339
6719
7456
2121
2314
4737
4742
5995
6834
6836
7493
178
2450
2459
2461
5008
6036
6039
2308
3791
6762
7467
7468
7717
7804
1611
4557
5118
5119
5120
6766
6777
7470
1158
3679
3680
3681
4549
4555
6449
6763
2158
2903
5019
5020
5023
6943
6944
7531
2166
3389
4078
5087
5088
5089
6588
6969
406
407
1147
1149
1150
2514
3651
5535
1751
3715
3716
5699
5703
6461
7124
7125
3247
3660
3662
3663
3665
4552
6443
6764
1156
3672
3673
3674
4554
6447
6765
7362
1940
3134
3161
3162
3167
3319
6259
6269
501
1418
3291
3848
3849
6507
7605
7764
11
15
16
26
1666
5451
7320
7666
769
1024
2265
2266
3133
3163
3164
3304
3159
3277
6268
6310
7302
7660
7784
3268
3754
3755
3756
6475
7309
7372
951
2161
2904
5045
5047
5953
6953
6954
374
841
1050
2503
2506
2984
6053
6208
1055
1056
1886
2663
2664
3022
5679
6102
3283
3284
3819
3820
3823
6312
6741
7462
3608
3657
3659
3664
3767
6442
6444
7361
2249
3737
7238
7239
7240
7241
7638
243
680
2473
4005
4006
4356
6561
6688
1846
1847
2270
2283
5982
5983
5986
7321
2269
3275
6309
6311
6313
7317
7318
7665
3448
4948
4949
5676
5677
5678
6915
7118
375
1054
2662
3021
3273
3534
6220
6400
1022
1939
3132
3156
3157
3158
4469
6267
366
1026
3259
3260
3719
3720
6303
6462
1949
3154
3255
3256
6266
6301
6302
7314
1023
1272
1455
4066
4067
4068
4633
6584
3153
3251
3252
3688
3689
6300
6452
7313
276
770
1413
2268
4513
4514
6750
887
1071
2665
2666
2667
2668
4387
6103
371
1042
1043
1273
3234
4070
4071
6585
137
370
376
1057
1058
1694
5527
5528
138
373
1047
1048
1049
2661
3253
4072
1038
1744
3214
4217
4218
4669
5675
6634
369
1035
1036
1037
2658
3020
5674
7117
135
364
365
1020
1021
2654
5526
5671
885
886
888
2622
2655
2657
4043
6100
2326
3845
5280
7539
7540
7541
7741
7742
1597
4853
5055
5074
5075
6877
7508
7731
564
1595
1596
5068
5216
5812
7017
7557
423
1199
3289
3841
3842
3843
6505
3622
3623
3858
3860
6430
6510
6511
7386
2407
3293
3857
3859
7530
7738
7812
7818
1769
3718
5756
5757
5762
7140
7142
7602
27
61
62
156
425
1205
3864
3866
18
19
36
37
1207
3870
5452
5456
2149
2322
4956
5950
6918
7522
988
1377
2736
2738
2739
3039
4401
6126
1206
1756
3868
4586
5714
5715
5716
7129
2005
2006
2007
2866
3829
5916
6500
6506
1143
2010
3624
3882
6518
6519
7389
1639
2272
5210
7327
7328
7329
7330
7669
505
803
1429
2377
2378
4559
5770
6013
1168
1170
3717
3721
3722
3724
5706
6463
503
506
850
1422
2537
2538
4538
5771
69
181
1366
2435
4364
4366
6692
1433
2099
4570
4571
4572
4573
6771
6772
1432
4567
4568
4569
4745
4746
6770
6837
1431
3753
4566
6769
7305
7471
7661
1704
3425
4763
4787
4930
5558
5559
7082
719
2098
2887
4561
4583
4584
6767
6776
507
1436
1437
1773
3468
3470
5772
6378
1494
4589
4748
4749
6778
6838
6839
7494
2373
3837
7414
7699
7700
7701
7702
7799
1435
4577
4578
6773
6774
7472
7718
782
2309
5001
5002
5993
6936
7529
2100
2101
2888
4582
5938
6775
7473
7719
419
1186
1188
3797
3798
4098
4574
4747
3454
3590
4517
5702
6373
6418
6751
7352
1754
2003
2004
2865
3816
5710
5915
6496
152
413
414
1169
2690
5536
7127
7597
1682
3993
3995
5494
5835
6557
7402
153
417
418
1180
1182
2517
2693
5537
1183
3775
3776
3779
3780
6483
6484
7376
1190
3280
3772
3803
3805
5711
6492
7379
154
420
421
1191
1193
3946
4099
5538
321
895
896
2624
2694
2695
2697
2699
985
3027
3028
3029
3030
3104
4450
6223
2252
2356
5199
6107
6109
7248
7249
7641
1889
2696
3536
6111
6112
6113
6114
7250
2289
3835
7392
7394
7396
7692
7693
7796
157
422
429
1196
1197
1216
3896
5713
754
2217
5712
5720
7128
7130
7131
7598
155
424
1201
1202
1203
3852
3853
6509
1194
3821
3822
6497
6498
7381
7382
7688
2168
3807
5105
5154
6493
6975
6993
7542
694
1209
2009
3876
3877
3878
4588
6517
3281
3808
3809
3810
3814
4576
6495
7380
3287
3765
3832
3833
4580
7353
7354
7678
248
692
693
3286
3830
3831
6501
1195
3160
3285
3824
3825
3826
4579
6499
2284
2286
2287
2288
2934
4324
5987
5988
3270
3616
3762
3764
3770
6477
6478
7373
3766
6439
6479
6480
7359
7374
7685
7793
416
1178
1179
2692
3269
3757
3759
6476
3773
3850
3871
6482
6508
6515
7385
7388
1951
3272
3577
5046
6306
6307
6308
7316
3656
3789
4457
5232
6487
6730
7459
7460
1187
3278
3794
3795
3796
6489
6817
7487
691
1998
1999
2000
3771
4264
6481
7375
1874
2539
2540
2543
3527
6064
6065
7234
1442
3917
4596
4597
4598
6781
6782
7475
265
741
1686
3414
5505
5506
5603
68
179
180
182
2460
3901
4594
6780
509
1440
1441
2102
4154
4592
5773
6779
1774
3471
5774
5775
5776
7144
7145
7603
46
116
117
120
322
323
2492
5474
2185
2310
5234
5235
7025
7474
7476
7720
1496
4605
4606
4753
4754
6784
6840
119
318
319
320
2491
3928
5517
720
1444
2103
3937
4601
4602
4603
6783
570
571
1612
1615
5122
5123
5566
6981
1454
4157
4629
4630
4631
4752
6793
2104
4289
4290
4608
4609
5121
6662
6785
516
1459
1460
4644
4645
4646
4762
6799
159
435
1231
1234
3940
3941
3949
4107
436
1232
1233
2703
3947
3948
3950
6541
1088
3186
3408
3409
3410
5687
6276
6359
363
1018
1019
1228
1229
2702
3931
3936
434
1060
1227
3298
3299
3929
3930
6318
103
274
433
765
766
1224
3920
4021
136
368
1031
1032
1033
2504
4069
5673
160
438
846
2521
2522
2523
5541
6059
387
1091
3420
3897
3898
4593
6524
428
431
1211
1212
1213
1220
3885
5717
427
1101
1210
3197
3455
3457
4082
6374
430
897
1217
1223
2700
2701
3900
5719
508
1230
1438
1439
3938
4153
4585
6538
35
85
86
3295
3296
3881
4590
6317
84
224
631
1221
2013
3910
3911
6528
158
432
1219
1222
3904
3906
4595
6526
1602
1786
2766
2767
3480
4191
5813
6134
3207
3499
3500
3595
5918
5919
6388
7187
198
199
200
1681
2464
3905
5491
5493
2012
3297
3625
3895
3902
6523
6525
7391
139
377
1059
1215
2011
3892
3893
6522
1259
2027
3632
4024
4025
6568
6569
7406
1127
2933
2935
3551
3552
6191
6405
7275
3628
3953
4424
4425
6542
6543
6717
7397
2021
3973
4267
4268
4269
4681
6550
6652
2017
3942
3943
3944
3945
4604
6539
6540
3774
3888
3889
3890
4591
6521
7390
7691
310
696
863
864
2015
2580
2581
6077
270
2014
3626
3918
3919
6530
6531
7393
777
1225
2292
2293
3921
3922
3923
6532
339
950
2016
2868
3932
6535
6536
7395
620
1758
1759
3459
4957
5721
5722
5724
439
1238
1239
1240
3951
3962
4108
5723
161
440
441
1241
3952
3970
3971
6549
3966
3968
3969
4610
4611
4755
6548
6786
1244
1286
2290
3979
3980
4110
6552
7400
2183
5160
5220
5221
6996
7007
7019
7549
511
565
1446
1447
1599
4155
5082
6967
533
534
2544
2545
2546
3976
4367
6066
442
1247
1250
3987
3989
3990
3997
6555
229
643
727
1833
2125
2127
3998
5944
1092
1698
3421
3424
4511
5539
5540
7077
898
1481
2705
2706
2707
4394
4708
5641
405
1144
1145
2023
3629
3630
5700
6556
582
1649
2022
3983
5569
6553
7085
7582
221
622
623
624
625
2566
3994
5578
1246
3984
3985
3986
3988
4615
6554
7401
140
378
1062
1063
1064
3312
4075
5681
1267
3309
3311
3580
4050
5048
6322
6323
1243
2704
3977
3978
5267
5268
6551
7038
1281
2711
4095
4096
4097
6117
6594
515
1457
2108
4638
4639
4640
6797
404
1141
1142
2008
3865
3867
6513
6514
452
1075
1274
1275
3360
4077
4116
4635
1067
3323
3324
3325
4494
5049
6328
7423
1162
1163
1992
3695
3697
4094
5704
6454
409
1456
4080
4636
4637
5777
6796
7146
1826
2035
4084
5924
6589
6590
6591
7413
1282
2037
4100
4101
5090
6595
6596
7415
1284
2038
4106
4112
5923
6598
6599
7416
1458
4109
4641
4642
4643
4761
6798
1155
3248
3249
3667
3668
3669
4553
6299
63
162
163
1678
4918
5482
5483
5484
904
906
1445
2729
2740
4047
5643
447
448
449
1261
2524
3954
4031
5543
164
450
451
1268
1269
2525
5731
619
1755
1757
1760
2798
4220
5854
7168
1973
3205
3489
3490
3491
4523
6385
2218
3818
5257
5733
7132
7134
7599
7600
938
2113
2857
2858
2859
6167
6811
453
1276
1277
3313
4081
4085
4086
5732
2219
5180
5181
5742
7003
7004
7136
7552
899
1890
2708
2709
2710
6115
6116
7251
1214
1283
3891
4102
4103
4104
4105
6597
165
454
455
1279
1280
4091
4117
5544
166
437
456
457
1235
1236
2526
3956
2039
4122
5091
6601
6602
6603
7417
7418
1287
3315
3316
4114
4115
6325
6600
1256
1600
4011
4860
5083
5084
5085
6563
445
699
1254
2025
4008
4009
4010
6562
91
242
677
678
1946
2577
3229
6292
2291
3777
4027
4624
6791
7404
7405
259
723
724
725
1255
4013
4014
6564
263
735
736
737
2155
2590
5004
6937
278
446
775
776
1258
2285
4023
7378
1257
3305
3306
4017
4019
4622
6321
6790
1450
4004
4618
4619
4620
4756
6789
7477
2123
4757
4758
4759
4786
6841
6842
7495
1344
2062
4291
4292
4293
4686
6663
7437
513
1449
1451
4156
4616
4617
4621
6788
306
851
852
853
1729
2614
5630
7478
426
1208
3872
3873
3875
4587
4750
6516
514
721
1453
2105
2106
2741
5939
6792
1074
3354
3356
3357
4500
4731
5683
6745
3619
3620
3627
5065
6429
6431
6432
7356
2030
4046
5086
6575
6576
7407
7408
7697
870
2604
2605
2606
3007
5635
7488
7724
2402
3855
7411
7695
7698
7797
7798
7833
4051
4052
4053
4076
6578
6587
7409
7412
1541
3811
4816
4891
4892
4893
6494
1987
3606
3631
5911
6433
6434
6968
7357
1264
1265
3308
4040
4045
5729
6574
7133
2031
4054
4055
4056
4057
6579
6580
7410
700
1825
2026
2028
2871
4270
5920
5921
1079
1532
3376
4861
4862
4863
6880
7509
1172
3262
3729
5079
5081
6966
7196
7622
701
2032
2033
2034
2872
4073
4074
6586
251
702
1253
3913
3914
3915
6529
3241
3633
3634
3636
3637
4546
6435
7358
361
1014
1015
1017
2653
3128
3139
4384
227
244
639
682
1821
1965
1967
4257
1068
3203
3204
3329
3330
3481
4495
6282
1072
1959
3173
3344
3345
3346
3347
6336
1070
3336
3339
3583
4496
6333
6334
6743
1590
3171
3337
3352
5051
6272
6338
6955
1408
2090
3343
4497
4498
4730
6744
7463
679
1953
1954
1955
1956
2852
4255
5903
2169
5107
5108
5112
5113
6976
6978
7543
1534
1610
4869
4871
5115
5116
6979
2170
2905
2906
2907
2908
3076
4431
6182
1613
1614
2120
2768
5127
5130
6833
6984
1069
3135
3170
3332
3335
4336
4338
6680
379
380
381
2507
2508
2985
3939
5529
1398
4465
4466
4467
4468
4723
6733
6734
367
1028
1029
1030
2656
4477
5672
6737
1960
1961
3358
3359
5052
6340
6341
6344
1941
3175
3569
6273
6274
6275
7304
411
1161
3136
3691
3692
6260
6453
7364
499
1412
3362
3363
4509
4733
6342
6748
3138
3182
3183
3391
3392
3393
3394
4506
384
1083
1084
2670
3395
4079
6104
497
498
1404
2536
3967
4483
4484
6739
1643
2140
4894
5222
5223
5224
6893
7020
141
142
382
385
386
1076
2451
3361
1507
1508
4773
4776
4788
4789
4790
6853
3373
3374
3935
4503
4859
5080
6346
6537
1522
2132
4803
4831
4832
4833
6858
6869
299
831
1560
4830
4951
4953
4955
5701
1025
1066
3168
3320
3321
3322
6327
616
1746
1747
5684
5685
5686
5688
7120
1525
2154
4805
4842
5003
6933
6934
7528
1417
1490
4524
4533
4534
4736
4738
6757
726
1218
2122
3458
5718
5943
1410
4504
6746
6831
6832
7491
7492
7725
526
1486
1487
1488
1489
2746
4166
4732
496
1401
1402
1403
4475
4478
4479
5763
1504
4714
4717
4719
4777
4778
6849
2126
4724
4725
4726
4779
4780
6829
6850
1509
4791
4792
4793
4794
5134
6854
6855
510
1443
4599
4785
4929
5554
6852
7499
532
1307
1464
1503
4170
4171
4172
4658
1146
2745
2747
3635
4403
5021
6128
7255
1505
1506
4781
4782
4783
4784
5788
6851
272
760
761
1687
2236
2237
2922
5507
2215
2917
3452
5179
5692
5695
7122
7123
2235
5940
5941
5942
5973
7193
7194
7621
460
1299
1409
1411
2734
4147
4501
717
2091
2092
2093
2886
4287
5936
6661
500
1414
2735
3349
4515
4516
4734
1415
1416
4518
4519
4520
4521
4735
6752
686
1980
1981
3563
6409
6411
6413
7350
398
1124
1419
3540
4529
4530
4531
6756
3790
4868
5114
5117
6747
7464
7465
7716
517
601
1702
1703
5553
5555
5557
5840
1771
1772
3469
4965
5764
5765
5766
5768
1061
3300
3301
3303
4490
4491
4729
6320
716
2087
2088
2089
3658
5935
6736
6742
1718
3432
5597
5598
5599
5600
5844
7094
1801
5767
5856
5857
5858
7143
7169
391
1103
1104
2150
2901
4966
6922
7524
4
6
7
4113
4127
4634
4967
5822
1034
3129
3142
3199
3200
3201
4476
6281
458
974
1291
1292
1293
2989
4121
4130
313
839
872
2501
2611
2612
2613
6087
475
1341
2530
7224
7633
7634
7775
495
1395
1399
3165
3166
4456
4470
6270
1700
1701
2785
3423
5550
5551
5552
7080
493
1392
1394
2802
3053
4453
4454
5761
1386
1770
3467
4429
5758
5759
5760
7141
945
2085
2884
4455
5111
5653
6728
6729
976
2995
2998
2999
3097
4445
4446
6726
1359
2083
2385
2387
2957
4342
4438
6723
1389
1390
4143
4439
4440
4441
4443
6724
960
1737
1738
3443
5654
5656
5657
5849
2084
2086
4286
4720
4722
5129
5934
6828
1393
2728
2730
2731
3037
4399
4452
6123
916
2774
2775
3047
4448
4449
6137
6727
568
1607
1608
1609
5106
5815
6715
7455
489
849
1381
1382
2533
2534
4415
4712
168
462
463
465
1304
3958
5545
5738
4442
4865
4866
5109
5110
6725
6882
6977
1662
4910
5288
5289
7046
7345
7675
7790
1405
1406
1434
4487
4488
4489
4575
4728
990
2769
2773
3045
3046
3107
4408
6710
326
911
1554
1555
2757
4934
4936
5801
490
1297
1298
1385
2713
4142
4144
6609
1384
3341
4420
4421
4422
4423
4713
6716
2081
3070
3071
3112
4426
4427
6238
6718
714
2079
2080
2082
2883
4285
4417
6714
2331
5163
5229
5231
7023
7024
7558
7559
955
1387
2919
2921
3079
4433
6241
6721
1483
2118
4715
4716
6825
6826
6827
7490
1476
4325
4326
4327
4694
6676
7442
7469
254
256
709
715
2476
2584
3916
4012
38
93
247
689
690
1990
2579
4007
71
188
189
529
1495
2462
3903
4751
590
857
1671
2559
2561
2778
4369
5465
1924
3008
3338
4377
4378
4379
6216
6698
175
485
1185
1370
3276
3786
3787
3788
947
2119
2891
2892
2893
3072
4727
6830
1369
2582
4373
4374
4375
4704
5755
6696
1296
1362
1364
2725
4137
4359
4360
6690
60
1365
2513
4362
4363
6691
7447
844
845
2518
2519
2520
5628
6058
7232
3288
3838
3839
3840
4581
6314
6504
7384
481
482
483
484
1358
2532
3963
5549
711
2071
2072
2881
3649
4358
5104
6689
174
176
488
1378
1380
4140
4409
5486
29
66
67
172
820
2434
5454
5463
2732
2733
3038
3652
4400
6124
6226
6707
301
324
837
903
905
2493
2494
2626
1375
2077
4393
4395
4398
6704
6705
6706
1123
1892
2724
2726
3537
3538
6121
6122
2303
2304
5992
6708
7451
7452
7453
7712
907
2742
2743
2744
3172
3340
4402
6127
2160
2264
3751
5038
5039
6250
6950
7296
2253
3741
6125
7253
7254
7256
7642
7643
2117
2313
4709
5128
6823
6824
6983
7489
187
524
1480
4705
4706
4707
4775
6822
3208
3501
3503
3504
3505
4525
6390
6754
525
1484
1485
1777
4447
4718
5783
5785
2078
2758
2882
4405
6709
487
1376
3964
3965
4396
6547
7399
7694
486
712
1372
1373
2075
4385
4386
6701
1461
2076
4139
4388
4650
6702
6703
7450
1911
2885
5028
5893
6174
6175
6176
7270
337
943
2036
2042
2873
2874
3068
6172
944
2066
2878
2879
3069
4320
6237
6674
171
173
480
1679
3899
5485
5487
7061
552
1561
1562
4960
4961
5803
6920
7523
1766
2344
5182
5746
7137
7138
7139
7601
683
1971
3464
3466
3472
5779
6377
6379
5126
5237
6813
6814
6815
7485
7486
7723
520
1471
4678
4679
4680
4769
6812
6846
688
939
1986
1988
1989
2860
2861
6168
1469
2112
2115
4672
5125
6809
6818
6982
2054
2876
2877
6173
6645
6646
7269
7432
935
1933
2055
2844
2845
2846
5927
6162
987
2720
2721
3035
3036
4397
6120
6225
3328
3334
5050
6330
6332
7324
7326
7668
521
522
1472
1473
2542
4162
5556
5780
2057
2059
4276
4277
4278
4683
6656
6657
1342
2074
4283
4284
4376
4684
6660
6697
3
2060
2061
4280
4281
6658
6659
2240
5259
5260
5261
7035
7207
7208
7626
1340
2058
3784
4274
4275
4279
6655
7435
1518
1957
3331
5184
5792
6331
7150
2050
4271
5925
5926
6653
7189
7619
2
464
1237
1309
1310
1348
3959
4125
2064
2065
2067
4282
4309
5929
6670
1475
2114
4690
4691
6816
7438
7707
7801
2063
4296
4297
4300
5101
6665
6666
6973
1605
4265
4266
4864
5099
5100
6651
7434
1157
1991
3250
3675
3676
3677
3678
6448
543
1535
1536
4661
4662
4870
5124
6805
2047
2875
3639
3640
4197
6436
6626
1360
1767
3465
4962
5748
5749
5750
5753
193
828
2463
4353
4354
4701
6687
6820
1478
4343
4699
4700
7648
7779
7780
7827
2339
2340
4333
4334
4696
6002
6679
7589
1606
2069
4345
5102
5103
6682
6683
6974
43
108
288
802
1452
2375
4625
7706
4339
4340
4698
6681
6819
7443
7444
7709
710
2068
2070
2880
4347
5930
6684
7445
1658
3856
5275
5290
7713
7803
7805
7835
707
2053
4256
5098
6642
6648
6649
7433
1311
1576
4184
4185
5005
5006
5007
6938
1645
1646
3483
4522
5233
5825
6753
7466
1647
2332
5238
5251
7026
7031
7560
7562
581
1644
2184
4306
5227
5228
7022
7436
4307
4817
4895
4896
4897
6669
6894
7439
476
1343
1345
4133
4294
4295
4687
6664
255
713
1685
3413
4921
5501
5502
5503
2001
3618
3785
3792
3793
6486
6488
7377
2255
4317
4318
4692
5979
6673
7441
7708
459
1295
3422
4135
4136
5547
5548
6606
478
1349
1351
1840
2210
4134
4310
5966
755
756
2220
2221
2224
5607
5814
7156
2201
3419
4926
5533
5534
5542
7075
7078
1776
3473
4163
4656
5781
5782
6803
7147
530
1497
1498
2748
2749
4760
5786
6129
1027
1073
3174
3176
3348
3350
3351
6337
740
1474
2172
2173
4303
4304
4688
4689
1356
3647
4323
4331
4332
6438
6675
6678
1350
3333
4311
4312
4313
6671
7440
783
1850
2311
2312
2940
4234
4673
5994
1357
1768
2315
5752
5754
7497
7498
7727
461
1301
1302
1763
4123
5736
5737
7135
535
1513
3955
3957
4607
4806
4846
6544
28
64
65
167
817
2424
2425
2426
185
518
519
1468
2541
3972
4671
1462
2109
4652
4653
4654
6801
6802
7482
170
469
470
1325
2529
4129
4227
4228
1288
1289
1290
2712
4118
4119
4120
5735
2298
4245
4246
4247
4676
6644
7429
7431
4145
4146
4148
4149
4651
6610
6611
7420
1571
2153
4988
4989
4990
5092
6931
6970
2040
4272
4273
4682
4770
6604
6605
6654
504
1300
1426
1427
2737
4151
4551
5769
1065
1082
3181
3317
3318
3387
3388
6326
558
1578
1580
4186
5013
5018
6622
7424
1371
2527
4138
4649
6060
6607
7419
1764
3461
3462
3463
5739
5740
5741
6376
1305
1306
2715
4124
4167
4168
4657
4764
132
357
358
2046
4181
5477
5525
6621
876
900
901
902
2625
2714
2717
5642
2044
4164
4165
6615
6616
6617
7422
2043
3274
3778
3781
4152
6612
6613
7421
2271
3342
3758
6335
7322
7323
7325
7667
1308
2045
4174
4176
5094
6618
6619
6620
70
184
186
4132
4647
4648
5488
6800
1922
2987
2988
3555
5033
6209
6211
6948
1303
1463
4158
4159
4160
4161
4655
6614
1465
1775
4177
4660
5778
5784
7148
7604
2124
4767
5239
6843
6844
6845
7027
7496
531
1499
1500
4169
4765
4766
4772
6847
3693
4175
4659
6804
6980
7544
7545
7743
5236
7480
7481
7483
7484
7721
7722
7806
739
1603
2167
5093
5095
5097
6971
6972
1324
2051
4223
4225
4226
5096
6636
6637
1177
3237
3615
3617
3752
6428
6474
7355
1891
1900
2719
6118
6119
6147
7252
1285
1762
4221
4222
4670
5734
6635
6808
614
1739
1740
1898
2794
5663
6141
6143
1910
2870
3547
5225
5226
6170
6171
7021
1322
1323
1765
2718
4128
4219
5743
637
1815
1816
3495
5871
5891
5892
5895
1327
2052
4233
5744
6639
6640
7430
7705
697
2019
2020
3960
3961
6545
6546
7398
1329
1331
3327
4238
4239
4240
5745
6641
602
1705
1706
2049
4210
4211
5561
6631
1400
3169
4471
4472
4473
6271
6735
7303
279
778
2294
2295
2296
2936
5989
5990
1470
1501
1896
4674
4675
4768
6810
169
466
468
1313
1315
1316
2528
4126
467
1319
2337
5546
7076
7079
7579
7580
31
73
74
194
195
196
554
2436
234
655
656
657
1872
2572
4000
5585
1317
1467
2111
4203
4666
4667
4668
6807
918
1693
1794
2781
2783
5524
5838
5839
252
703
704
705
2041
2583
4141
6608
253
706
708
1717
5594
5595
5596
7093
2374
5274
7040
7041
7566
7703
7704
7800
1312
1582
2716
4187
5024
5025
6623
6945
1198
2048
3836
4205
6503
6629
7383
1148
3242
3638
3641
3642
3643
4547
6437
4189
4190
4192
4193
4663
6624
6625
7425
1171
1995
3261
3726
3728
5913
6464
6465
1318
2107
4206
4208
6630
6794
6795
7479
1314
1466
4194
4195
4200
4664
4665
6806
833
1968
2479
3437
5625
5627
6368
7103
1320
1321
4213
4215
4216
6632
6633
7428
608
1722
1723
4214
5612
5613
632
1109
1797
3487
5580
5846
5847
5848
1523
1568
4836
4978
4979
4980
4981
7081
604
1710
1711
1712
2787
4212
5577
5579
1707
1795
1803
5841
5842
5863
7164
7610
214
605
606
607
1720
2562
3991
1708
2204
5570
5571
5572
7086
211
598
599
1692
1695
1696
1697
4209
213
603
1709
3427
4932
5568
5573
5574
4933
5575
5576
7087
7581
7583
7756
7819
2818
2819
5905
6150
7183
7263
7617
7646
641
1827
1828
2815
3502
4232
5928
6389
249
695
750
2205
2206
2915
5965
7089
372
1045
1046
1423
4150
4540
4541
6760
59
151
412
1166
2516
3708
3710
7088
1165
2200
3705
5530
7072
7073
7074
7578
2198
2199
2913
4308
5508
7067
7576
7754
269
752
753
1684
2213
5499
5500
7065
97
257
258
722
2110
5504
7066
7575
282
786
787
2327
2328
2600
7548
7744
101
210
268
595
596
749
2202
2914
284
790
791
792
2336
2338
2343
4026
1724
4939
5614
5615
5616
7099
7100
7587
1716
3815
5591
5592
5593
7090
7092
7584
650
929
1853
2820
6001
6003
7213
7628
2207
2389
7095
7096
7585
7586
7755
7757
751
1721
1796
2208
5606
5608
5845
7097
102
271
758
759
2234
5922
7188
7190
528
1492
1493
3257
3709
4560
4743
4744
1089
1683
3412
4920
5495
5497
5498
7064
587
1663
1664
1791
5830
5831
7161
7609
630
926
1792
1793
1806
2808
2810
3055
591
1673
1674
4916
5469
5470
5471
5833
593
1680
2144
4207
4919
5489
5490
6903
76
202
204
580
1642
2466
3879
583
856
1651
2557
2558
2997
5250
5252
260
728
832
2475
2477
2478
2978
6045
1184
2297
3782
3783
6485
6627
7426
7427
1660
3402
3403
5276
5281
5829
6357
1087
3185
3404
3405
3406
3407
4508
6358
1918
2945
2946
3085
4437
6195
6197
7277
1226
3924
3925
3926
3927
4600
6533
6534
1078
1086
3178
3369
3370
3372
3401
4502
58
149
150
1677
2453
3894
5480
5481
33
77
207
589
1668
1669
5455
5832
17
32
78
208
209
592
594
3907
747
2194
2195
2196
2912
5458
5962
7053
1839
5472
5877
5963
7057
7174
7200
7572
2193
5168
6070
7050
7051
7052
7570
5
588
1665
1667
2777
4204
5449
6138
20
40
41
2698
3861
4392
5457
105
107
280
286
780
797
2302
2443
88
1672
2439
4351
5467
5468
6686
7056
89
235
236
658
659
2573
3912
5586
75
295
821
822
1863
2437
5464
6032
34
80
82
83
212
2438
3880
5466
1993
3699
3700
3704
6456
6457
7365
7682
98
99
262
264
734
738
2165
3884
39
94
95
96
250
698
2441
3883
231
648
649
1849
2024
2571
3999
6559
5405
5406
5407
5408
5409
5410
5411
5412
5413
5414
5415
5416
5417
5418
5419
5420
5421
5422
5423
5424
5425
5398
5399
5400
5401
5402
5403
5404
5391
5392
5393
5394
5395
5396
5397
5384
5385
5386
5387
5388
5389
5390
5377
5378
5379
5380
5381
5382
5383
5370
5371
5372
5373
5374
5375
5376
5363
5364
5365
5366
5367
5368
5369
5356
5357
5358
5359
5360
5361
5362
5349
5350
5351
5352
5353
5354
5355
5328
5329
5330
5331
5332
5333
5334
5321
5322
5323
5324
5325
5326
5327
5335
5336
5337
5338
5339
5340
5341
5342
5343
5344
5345
5346
5347
5348
3179
3371
3378
4940
5053
6345
6348
6956
5311
5312
5434
5435
5436
5437
5438
5439
8
9
10
12
13
2422
5450
816
1867
2421
2423
2474
4348
6043
6044
5303
5304
5305
5306
5307
5308
5309
5310
5313
5314
5315
5316
5317
5318
5319
5320
1053
2282
3271
3768
7367
7368
7683
5426
5427
5428
5429
5430
5431
5432
5433
956
2242
2243
2244
2923
4316
5976
7214
819
2431
2432
2433
4035
4036
6030
6572
21
44
87
111
818
2428
2429
1862
3520
6028
6029
6031
7222
7223
7632
1263
2029
3307
4037
4038
4039
4627
6573
1363
2246
2924
3080
4355
4357
7227
345
967
2965
2966
2967
2968
3090
6202
22
30
47
72
190
3869
5453
4908
5282
7062
7574
7751
7753
7817
7839
1192
2187
3282
3812
3813
5258
7034
7563
109
291
810
811
2403
2404
2405
2961
289
804
805
2386
2393
6016
6018
7218
2416
7813
7814
7838
7840
7841
7847
7850
2212
2341
3817
5967
7112
7113
7592
7593
307
578
854
855
2554
2556
5631
7104
2376
7446
7449
7710
7711
7802
7834
7845
2394
7192
7205
7620
7625
7770
7772
7824
2232
2414
5189
6025
7180
7181
7616
5283
5284
7043
7044
7567
7624
7750
7771
290
806
807
2390
2392
7759
7760
7820
808
2395
7217
7630
7773
7774
7825
232
651
1855
2352
6006
6009
7215
7629
1151
3654
3655
4432
4550
6441
6720
7360
809
1713
2397
2398
4344
5584
6019
2408
2409
2410
2962
6023
7219
7220
7631
292
812
813
1260
4028
4029
4030
6570
1119
1976
3212
3521
3522
3523
4528
6396
1813
1873
2531
5885
5886
6061
6062
7233
800
801
2368
2369
2371
2603
2953
7686
2370
2401
7687
7689
7690
7794
7795
7832
2399
2400
5287
6020
7671
7787
7788
7789
2411
2412
2413
4346
5294
6024
7829
7830
1
131
355
5448
6304
7315
7664
7786
1200
3290
3844
3846
3847
7745
7747
7815
5440
5441
5442
5443
5444
5445
5446
5447
4912
5293
5295
5296
5297
7048
7049
7569
2396
3851
6026
7221
7777
7778
7826
7843
1830
2496
4391
4499
5298
7849
7851
7852
1204
3294
3862
3863
6512
7387
7837
7846
815
2418
2419
2420
2964
6027
7842
7848
1517
4819
4970
5791
5795
5796
7151
1616
1787
5136
5816
5817
5818
5819
7157
1617
4873
4874
5137
5138
5139
6885
6987
729
2134
2136
2897
6874
6875
6881
7507
1528
4807
4849
4850
4851
4852
5037
6876
2138
4885
5187
6887
6890
7511
7512
7732
1529
1530
2135
4808
4854
4855
4856
6878
1164
3254
3694
3696
3698
3701
4558
6455
183
512
1448
3975
4612
4613
4614
6787
1564
1565
1566
2223
4183
4968
5804
7153
566
1601
2145
4931
5564
5565
6908
7084
2151
4834
4971
4972
4977
6924
6926
7525
2258
5029
5202
6181
6184
7272
7273
7649
995
1009
3058
3061
3062
3110
3111
4462
1567
4835
4973
4974
4975
4976
6870
6925
784
2133
2317
4837
6871
6872
6873
7506
1572
3479
4839
4991
4992
4993
5806
6932
3799
5240
7503
7504
7505
7729
7730
7809
1834
3506
4994
5945
5946
5947
5948
7195
2129
4809
5135
6859
6860
6861
7502
1510
1512
2128
4795
4796
4797
4804
6856
1514
4798
4799
4810
4811
6857
7501
538
1520
1521
4802
4827
4828
4829
6868
191
537
549
1519
1552
1553
4823
4928
1511
4800
4801
4820
4821
4822
4911
6865
539
1524
3475
4969
5789
5790
6923
7149
536
1515
1516
4173
4812
4813
4814
6862
1619
4876
5145
5146
5147
6927
6990
2130
4815
5217
5218
5219
6863
7018
2227
2231
2920
3725
5843
7165
7178
7179
626
1778
1779
1780
2804
4224
5793
5859
746
2192
5169
5176
5177
6999
7002
4875
5140
5141
5142
6886
6988
7547
540
1526
1527
4843
4844
4845
5011
5794
1574
4841
4998
4999
5000
5148
6935
6991
572
733
1618
2146
4938
5144
6911
2164
3806
5073
5143
6963
6964
6989
7538
573
1621
2174
5151
5156
5157
6992
6994
261
730
731
732
2589
4015
4016
6565
4826
4935
4937
5602
6867
6909
6910
7519
1140
3610
3611
3612
3683
4542
6426
6450
1637
4889
4890
5201
5203
5205
6892
7513
192
541
542
1531
1533
2547
4867
5560
1539
1540
4178
4886
4887
4888
5797
6891
2139
4883
4884
5178
5191
5192
6889
7008
544
1537
1538
4878
4879
4880
4881
6888
3804
5244
6928
7526
7527
7736
7737
7811
1189
2002
3279
3800
3801
3802
6490
6491
600
1699
3682
4923
6905
6906
6907
7518
1355
2321
2942
4328
4329
4330
4695
6677
1726
3436
4941
5620
5621
6912
7520
7735
383
1080
1081
2669
3379
3380
3381
6349
1085
3184
3396
3398
3399
3400
4507
6355
1502
2147
4771
4945
4946
5949
6914
7521
1346
2142
2722
2899
4298
4299
4905
6898
1546
4907
4909
5278
6899
7515
7733
7810
2143
4913
4914
4915
6900
6901
6902
7516
546
1543
1544
4818
4898
4900
4902
6864
547
1547
1548
1670
2756
5461
5462
5799
3375
3377
4824
4825
4925
4927
6347
6866
1550
1688
4922
5509
5510
5511
6904
7068
1106
3202
3476
3477
3478
5800
6381
7152
1719
1761
1800
5601
5730
5855
5865
7171
553
1563
1814
4963
4964
5889
6921
877
912
2628
2629
2760
4380
6699
634
1802
1804
2228
5861
5862
7170
7612
222
627
1782
1783
1784
5802
5808
5860
1842
2222
2230
3510
5970
5971
5972
7203
1577
2345
5010
5807
7154
7155
7606
7607
2383
2384
2391
6015
6017
7762
7763
7821
106
281
785
1851
2318
2319
2320
5996
5246
5247
5248
7030
7533
7536
7537
7740
1917
2316
2324
2943
2944
6194
7500
410
1160
1428
3685
3686
3687
4556
6451
1569
1835
2152
4983
4984
5805
5951
6929
1573
4840
4995
4996
4997
5952
5954
7197
644
928
1836
1837
2817
5649
5876
5955
1848
1936
5879
6256
7175
7298
7614
7658
1328
1854
1856
1857
2821
4236
4237
5881
647
1810
1843
1844
1845
4235
5878
5975
230
645
646
1841
5583
5968
5969
7202
2348
2349
2350
2351
2949
4335
6005
6196
4314
4315
4899
5243
6672
6895
7028
7514
474
1338
1339
1808
1822
5747
5872
5912
1676
2335
3703
5478
5479
7059
7060
7573
1829
5873
5874
5931
5932
5933
7173
7191
225
226
633
635
2568
3996
5581
6558
205
584
1653
1654
1655
1790
5827
5828
1805
1807
4982
5866
5867
5868
5869
5870
793
2229
2346
2347
6004
7166
7172
7611
218
219
618
1752
1753
3909
5853
6527
1798
1799
2809
5850
5851
5852
5864
7167
1985
3613
3706
3707
6427
6458
6459
7366
795
2188
2353
4904
5262
5263
5264
7036
206
585
1656
1657
4903
5272
6897
2305
4412
6712
6722
7454
7457
7458
7714
4906
5266
5270
5271
5273
7037
7039
7565
2171
2177
2189
5956
5957
5960
7198
1838
2190
2191
2911
5279
5959
5961
7042
100
267
311
748
866
2591
2593
5605
266
743
744
745
2592
4018
5604
6566
2225
5826
7159
7160
7608
7765
7766
7822
629
1788
1789
3482
5820
5821
7158
545
1542
1545
1781
2755
4179
5798
6131
1652
4202
5254
5255
5256
6628
7033
2141
2186
4901
5245
6896
7029
7561
7748
5291
5292
7047
7726
7728
7807
7808
7836
1648
1650
4201
5241
5242
5249
5253
7032
283
788
789
2329
2333
7564
7749
7816
742
1632
2178
2179
5186
5188
7005
7006
2238
3730
5964
5974
7199
7201
7204
7623
1852
2180
2181
2330
5958
5999
7012
7555
5162
5207
5208
5209
5211
7014
7015
7556
577
1633
1634
5190
5193
5194
5195
7009
576
915
1629
1630
1631
2771
5183
5185
982
2342
5662
7114
7121
7595
7596
7761
757
2226
3485
3723
5834
5836
7162
7163
575
1626
1627
1628
4882
5172
5174
5175
574
1624
1625
2770
4196
5167
5567
6135
110
293
294
5170
5171
5512
7000
7069
1622
5155
5158
5159
5173
6995
7001
7551
1598
4858
5076
5077
5078
5153
6879
6965
2175
2176
5164
5165
5166
6997
6998
7550
2334
2388
3702
6000
7054
7055
7571
7752
4872
5131
5132
5133
6848
6985
6986
7546
123
124
336
940
1675
2447
2867
5475
548
1549
1551
4180
4917
4924
7517
7734
330
923
924
1482
2799
2800
4413
4711
932
2631
2633
2634
2830
3014
4381
6093
316
878
879
880
942
2620
2632
2635
335
936
937
1947
2850
2851
5651
6164
334
933
934
2639
5650
6095
7244
7639
1557
3155
3258
4942
4943
4944
6913
1099
1745
2214
3449
5680
5682
7119
7594
126
129
338
340
341
348
2497
5521
948
953
2131
2636
2637
2896
5655
6094
941
2018
2869
5652
7110
7111
7591
325
908
909
1733
2627
5644
5645
7109
220
223
621
628
1734
2469
5496
5646
331
612
925
1735
2807
5648
7613
7767
14
23
48
121
122
327
913
914
79
597
1690
1691
2560
5518
5837
353
989
991
3041
3049
5664
6227
7288
1570
1819
4838
4985
4986
4987
5904
6930
2254
2357
3742
4565
6136
7258
7259
7644
559
1379
1581
2765
4406
4407
4710
5022
663
1894
1895
1897
2832
4244
5890
6130
910
2750
2751
2752
2753
2754
3042
4404
586
1659
2776
5277
5299
5300
5301
5302
2780
2782
3048
3542
4410
6139
6140
6711
328
917
1266
2779
4048
4049
6577
329
332
333
919
2495
2784
2786
5519
81
215
216
609
1725
2468
3908
5618
615
920
922
1742
1743
2795
5647
5670
994
1928
3059
3060
6229
6230
6234
2788
2789
2790
2791
3050
4411
6142
894
1176
1181
3456
5640
5708
5709
1908
2855
2856
3744
3745
6166
6471
7267
1823
1909
1996
1997
2863
5914
6169
7268
560
1583
1584
2762
5030
5032
5809
6947
1585
1620
4877
5034
5035
5036
5150
6949
2759
2761
2763
2764
3044
6132
6133
7257
2159
4847
5026
5027
6946
7532
7739
1912
2894
2895
3549
6178
6179
7271
949
2137
2898
2900
6180
6883
6884
7510
2811
2812
5200
6148
7011
7260
7262
7645
2239
2278
2280
2932
5978
5980
5985
7206
1902
2256
2829
2926
6154
6188
7264
7274
952
954
1914
2909
2910
2916
6183
6185
177
491
1388
2251
2925
4434
4435
4436
1125
1916
2257
2927
3543
3544
6189
6403
1893
1903
1904
2831
2835
2836
6155
6157
1905
1906
2837
2838
2839
6158
6159
6160
238
665
666
667
1714
2574
4002
5587
502
1420
1421
2358
3545
4532
7647
228
640
642
2569
3428
3429
5582
6365
946
2889
2890
2938
6177
6192
6193
7276
660
860
1883
1885
2570
5888
6099
661
1887
1888
2689
4242
4243
6110
6643
1899
1907
2797
2833
2848
6144
6163
7266
3743
4857
5069
5070
5071
5072
6962
7265
652
930
1858
1859
2822
5882
6151
7176
1809
1831
1832
2814
2816
4416
5875
6149
2801
3051
3052
3109
6145
6231
7261
7289
1326
1818
3326
4229
4230
5900
6329
6638
993
2647
3054
3056
4382
4383
6232
6700
1785
2803
2805
2806
4414
5810
6146
6713
1367
1913
2073
2840
4368
4370
6693
6694
127
343
961
962
2941
2947
5476
7058
881
963
965
2640
2642
2948
3016
5658
350
981
983
3015
4063
5660
6582
986
3031
3032
3141
3194
3195
3447
6279
972
2981
2982
2983
3093
3094
6207
6246
883
996
997
2648
2649
3064
3067
6098
49
50
125
2430
3013
5459
6218
7285
882
978
2585
2643
2644
2645
3003
3017
1005
3000
3001
3002
3095
3098
6213
6214
1270
3310
4059
4060
4061
4062
4632
6581
128
346
347
971
973
2499
3933
5522
349
979
1870
2505
6051
6052
6054
7230
966
968
970
2641
2975
4058
5659
112
823
2427
2445
5473
6201
7279
472
1332
1926
1927
3558
4249
6222
6224
984
1925
3023
3024
3228
3581
3582
6221
669
1920
1923
4003
4248
6560
7403
240
670
671
1929
2575
3057
6233
7290
814
2415
2417
2963
2974
6204
7280
7844
1383
2834
2841
2842
4418
4419
6156
6161
1919
2958
2959
2960
3088
6199
6200
7278
1921
2843
3144
3206
3494
3496
5896
6387
492
1391
2261
2990
4444
5981
6210
7282
1623
2381
2382
2956
4341
5161
5204
7013
3180
3382
3383
3384
4505
4848
5031
6350
344
964
2379
2380
2954
2955
6014
6198
1052
3266
3267
3746
3747
3748
6472
7286
2360
3828
7281
7287
7652
7654
7655
1638
1935
5206
5823
5899
6252
6254
7297
1051
3264
3265
3739
3740
4485
6305
6469
1591
2162
3418
5056
5057
5811
6957
24
51
359
1007
1008
2502
3040
3106
130
351
352
354
992
2500
3934
5523
2862
2864
3065
3066
3222
3561
6236
7291
1741
3446
4947
5665
5666
5667
5668
7115
1167
1558
1994
3712
3713
3714
4182
6460
3018
3033
3034
3105
3120
3557
4451
6219
1002
1271
3084
3086
4064
4065
4458
6583
3147
3223
3224
3225
3568
6290
6291
7310
1003
1004
2650
3087
3089
3092
6244
7294
638
672
1817
1930
1931
4250
5897
5898
1129
3043
3559
3560
4090
6228
6408
6592
356
998
999
3073
3074
3075
6239
7292
1000
2929
2930
3077
3078
3081
6190
6240
969
2969
2970
2971
2972
3091
6203
6245
2273
3760
6361
7331
7332
7333
7670
1010
3113
3114
3115
3116
3122
4463
6253
3749
3750
6212
6473
7283
7653
7782
7828
1934
3102
3103
3108
3564
4251
6249
6251
1094
1715
3430
3431
5588
5590
6366
7091
975
2992
2993
2994
3096
6247
7295
7657
494
1396
1397
4459
4460
4461
4721
6731
1006
2651
3009
3099
3100
3101
3119
6248
1012
1013
2652
3019
3121
3123
3124
6255
1937
1938
2847
3148
3567
6261
6263
6264
2361
3143
3565
3566
6262
6410
7300
7659
2325
3131
5040
6258
6951
7299
7534
7535
1587
3385
4188
5041
5042
5043
5044
6952
25
52
54
55
56
143
3874
5460
611
1016
1731
1732
2792
3137
5637
5638
133
360
1011
3117
3118
5669
7116
3125
3126
3127
3130
3149
4464
6257
6732
867
1730
2594
2595
2596
3005
5634
6082
217
443
613
1248
1249
1736
3992
5725
285
794
869
2216
2601
2602
5705
7126
567
1604
2553
2555
2996
6069
7235
7636
114
304
305
847
848
1689
5514
5629
309
859
861
2567
3438
5632
5633
7105
873
1882
2615
2616
2617
3532
6088
6089
312
5515
5516
5520
7070
7071
7577
892
1135
1137
2682
2683
2684
5698
6108
118
315
317
884
2490
3886
3887
6520
865
2586
2587
2588
4042
4044
4628
6079
977
980
3010
3011
3012
5661
6217
314
874
875
2618
2619
2621
4041
5636
871
931
1881
2607
2608
2609
2828
6086
2367
7363
7679
7680
7681
7791
7792
7831
477
1347
2156
2902
4301
4302
6667
6940
1121
1875
2548
2551
3528
5012
6067
6068
241
673
674
862
2576
2578
5589
6076
1579
2660
5015
5016
5017
5149
6101
6942
523
1479
2116
4365
4702
4703
4774
6821
764
1430
2247
2248
4562
4563
5977
6768
550
551
1556
1559
2203
2549
5562
7083
527
1242
1876
2565
3974
6071
6072
7236
3397
5196
5197
6075
7010
7237
7637
7776
471
1330
1878
2157
4241
5014
6078
6941
781
2306
2307
2939
4480
6738
7461
7715
2241
3731
5998
7209
7210
7211
7212
7627
1879
2826
2827
3530
6080
6081
6153
868
1880
2598
2599
3531
6083
6084
6085
675
1877
1942
1945
2849
3529
6073
6074
1812
5884
5887
7177
7615
7768
7769
7823
2359
2951
3827
5265
6008
7650
7651
7781
2250
2630
3738
6090
6091
6092
7242
7243
3614
3736
3769
6468
6470
7370
7371
7684
2481
2482
2979
5009
6046
6047
6939
7228
287
798
799
2362
2363
2364
2952
5617
273
762
763
4020
4022
4623
5609
6567
771
773
2279
2597
3434
5610
5611
7098
479
1352
1353
1354
2723
4319
5751
2245
2455
2456
2457
2458
2973
6038
7225
1635
1636
2772
4198
5198
7246
7247
7640
796
2354
2355
2950
3516
6007
6394
2372
3517
3732
6011
6012
6466
7216
7696
1173
3263
3733
3734
3735
4564
6467
7369
303
843
2512
2515
2986
6057
7231
7635
1824
2233
3727
4231
5917
7185
7186
7618
415
610
1174
1175
1728
2563
2691
5707
302
835
840
2485
2486
2487
2980
6206
115
308
1868
2488
6048
7553
7554
7746
342
838
957
958
959
2498
2638
2928
296
824
2448
2449
2452
2454
4352
6037
300
834
836
2483
2484
2489
2610
5626
275
767
768
2259
2260
2262
2263
2480
42
45
104
113
277
774
2281
1869
1901
2824
2825
6049
6050
6152
7229
444
653
1251
1252
1861
4001
4111
5726
1864
2440
2442
2444
2446
6033
6034
6035
233
636
654
1811
1865
1866
2823
5880
297
825
826
827
4032
4033
4626
6571
829
1727
2467
5622
5623
5624
6041
7102
90
237
239
662
664
668
2472
298
830
2470
2471
2976
2977
6042
6205
1944
2267
6283
6284
7307
7308
7662
7785
401
1131
1132
3145
3211
3213
4088
6285
1860
2406
2535
2991
6021
6022
6063
1039
3146
3216
3217
3218
3539
3541
6287
1333
1958
2853
3063
4252
4253
4677
6235
3004
3006
3215
3535
3556
6215
6286
7284
1978
1979
3546
3598
6165
6401
6402
6404
1932
3082
3562
6242
6243
7293
7656
7783
772
2274
2276
2931
4321
4322
4693
5984
779
1001
2299
2300
2301
2937
3083
5991
1975
3210
3511
3512
3514
4526
6392
6393
92
245
685
1977
6398
6399
7346
1118
2182
3518
3519
5212
5213
6395
7016
1120
2094
3524
3525
3526
4527
6397
6755
1983
3232
3594
3596
3597
3602
6419
6420
1970
2275
3761
6375
7337
7338
7339
7672
2366
3763
5269
7342
7343
7344
7674
7677
1105
1108
3484
4083
5691
6382
6383
7340
1592
3486
3488
5058
5059
5060
6384
6958
473
684
1335
1336
1974
4259
4260
4261
1820
3498
5906
5907
5908
5909
5910
7184
1972
3474
3571
3572
4258
5787
6380
6412
2365
3492
6010
6386
7341
7673
246
687
1337
1984
2056
4262
4263
6650
1361
1477
3603
4337
4349
4697
6423
579
1640
1641
4199
5214
5215
5824
3601
3604
3605
6414
6415
6422
6424
7351
1915
2918
3219
3550
5894
6186
6187
6288
197
555
556
557
1575
2550
3981
5563
2277
4486
6407
6740
7347
7348
7349
7676
1294
1407
3314
4131
4492
4493
6324
389
1098
2209
3445
5619
7101
7588
7758
1096
1097
2673
3193
3439
3441
5689
6369
1969
3442
3444
3450
6370
6371
6372
7336
561
562
1245
1586
1588
1589
2552
3982
1966
3411
3589
6360
6362
6363
6364
7334
1090
3415
3416
3417
4510
4512
5513
6749
1334
1950
3497
4254
5901
5902
6647
7182
681
927
1962
1963
2813
2854
3386
6351
889
891
2623
2671
2680
3440
5639
842
1871
2509
2510
2511
4361
6055
6056
388
1093
1095
3426
3433
5531
6367
7335
617
858
1748
1749
2564
2796
6040
7226
3140
3190
3191
3192
3435
3570
4535
6278
921
2211
2793
3711
7106
7107
7108
7590
53
134
362
3187
3188
3189
4474
6277
676
1943
3196
3198
3453
6280
7306
890
1110
2675
2676
2677
3025
6106
394
395
1111
1112
1113
3493
5532
5883
2148
3684
4950
4952
4954
5697
6916
6917
57
144
145
146
392
393
397
1107
390
1100
1102
2672
2674
3451
5690
6105
1262
3460
4034
4958
4959
5727
5728
6919
201
203
569
2197
2465
5492
7063
396
1116
1117
2323
3513
3515
5694
5997
1133
1374
2678
2679
2681
2727
3026
4389
1126
1750
3220
3548
3553
3554
5696
6406
1122
1884
2646
3533
6096
6097
7245
147
399
400
1128
1130
3648
4350
6685
148
402
403
1138
1139
1278
4087
4089
893
1159
2685
2687
2688
4093
4390
6593
1114
1115
3209
3507
3508
3509
5693
6391
1964
3390
3587
5054
6352
6353
6354
6356
