11000000
348
772
1306
331
512
1073
352
353
773
562
563
1136
183
549
739
483
568
1110
548
811
1137
509
1117
1321
342
605
771
347
516
1120
357
774
1152
122
350
517
520
557
1134
140
472
1121
368
522
991
1077
349
537
1127
946
1275
1323
376
1215
1354
473
547
1131
334
336
803
534
561
1126
379
567
1224
893
962
1416
412
1088
1325
184
565
812
468
546
1130
542
544
1129
539
541
1128
205
645
1122
647
1165
1336
59
62
600
303
488
992
206
649
1141
680
1319
1390
410
1115
1320
163
486
736
121
345
515
481
545
564
194
485
550
179
490
551
65
180
1030
58
161
477
200
581
627
166
1027
1108
160
174
478
181
482
556
1294
1295
1381
317
1031
1064
151
455
475
793
138
404
531
55
153
1101
175
411
533
316
767
849
162
626
1026
1293
168
346
1072
167
308
506
169
170
479
540
577
808
4
9
23
592
671
1174
212
672
675
113
319
1038
922
1175
1340
213
677
1300
344
1111
1318
678
1176
1304
1396
1397
1417
1170
1192
1338
658
826
1169
208
656
1037
684
687
1178
610
685
831
214
681
1177
686
1179
1341
1140
1328
1393
594
683
1329
593
1146
1330
589
657
659
356
519
1149
413
1331
1394
217
597
693
192
484
596
190
654
1168
1311
1386
1387
648
1166
1337
203
361
636
958
1334
1395
430
431
1093
125
360
362
643
653
1167
202
487
635
633
1161
1335
367
1076
1190
338
339
340
575
595
1147
68
189
584
182
359
722
186
574
1032
530
646
1125
66
67
185
171
899
1028
569
570
571
354
518
1144
256
815
1225
580
621
1004
69
193
456
22
57
996
640
1096
1313
82
110
309
400
1006
1287
64
716
1005
135
403
1019
199
622
1157
358
624
1158
625
821
1023
201
629
1159
623
1009
1011
204
628
1036
968
983
1282
1283
52
54
452
63
177
538
10
24
26
935
1154
1255
1333
306
997
999
5
11
641
1164
733
734
841
2
3
703
966
978
979
38
105
108
8
20
993
988
989
990
226
320
1041
25
446
708
222
710
711
12
31
994
28
75
1007
60
715
1189
712
714
1188
223
224
1040
150
443
444
16
41
42
46
127
1017
17
44
45
985
986
987
366
1186
1187
704
705
1185
154
457
459
159
315
1025
156
1024
1292
288
1106
1316
707
835
1233
642
1107
1317
155
158
476
124
469
1105
313
508
1063
372
1078
1203
363
521
804
406
409
1213
19
50
139
463
794
1103
76
458
1102
414
416
1345
929
1216
1217
341
514
1070
1119
21
56
453
445
448
792
449
1099
1314
30
447
1098
980
981
982
118
119
337
429
1324
1391
1000
1002
1286
70
717
837
107
466
1013
318
1033
1035
39
109
726
311
507
1139
963
1414
1423
219
491
1112
29
78
220
307
1001
1003
1378
1410
1422
694
697
833
53
146
147
301
505
957
302
634
1060
955
1279
1373
940
942
1285
961
1281
1376
399
532
560
436
1095
1415
696
1097
1388
43
120
450
176
435
480
148
438
474
1424
1426
1427
965
969
970
1182
1326
1392
606
776
781
785
513
599
701
699
1183
1343
682
1135
1327
702
834
1232
1344
1399
1418
215
437
441
144
425
426
145
149
1022
1297
1299
1382
614
618
887
938
126
364
1181
330
503
913
1116
695
1307
1385
956
1379
1383
7
259
428
405
1086
1310
639
1087
1163
397
1084
1309
335
1069
1091
1092
1312
1389
407
1308
1413
679
1071
1305
1303
1384
1412
329
1066
1067
967
977
984
974
975
976
6
504
1302
440
442
972
572
752
877
137
402
784
136
1194
1347
111
314
1014
1290
1380
1411
114
115
117
1015
116
727
1193
123
312
351
401
1085
1289
630
1046
1160
663
928
1212
822
823
1228
582
632
1053
34
95
267
323
510
1050
285
903
1049
573
587
588
260
673
829
381
470
525
827
863
1230
191
232
741
664
665
1171
666
1172
1339
187
188
617
61
293
930
1264
196
611
732
77
165
797
71
198
1034
241
310
766
674
1284
1288
254
497
809
553
554
810
637
1075
1080
255
604
813
292
905
1057
816
817
1226
578
583
814
1143
386
858
1242
591
828
1243
248
791
1428
327
511
1221
608
801
1133
251
322
1047
257
818
819
264
265
499
333
1079
1081
48
526
1124
172
374
737
738
253
631
1048
1123
1223
1322
377
378
524
523
805
1222
96
270
1052
13
14
15
33
620
998
88
246
408
27
72
73
90
91
461
87
245
460
419
1218
1355
236
496
753
32
89
250
195
607
789
247
422
788
798
799
1219
249
269
855
164
493
1113
218
234
746
173
178
231
229
230
1042
157
735
842
1010
1195
1315
291
925
1198
555
558
566
92
94
462
586
740
843
1197
651
1151
1332
602
603
1150
667
1236
1361
745
1199
1349
81
227
1008
80
225
719
228
729
748
40
112
467
725
839
840
576
601
723
417
730
1089
51
152
451
432
1094
1400
79
718
838
383
1234
1235
433
1404
1419
590
660
728
662
926
1202
35
97
272
418
1351
1401
652
919
1153
332
768
770
326
1062
1207
343
1109
1208
86
242
721
268
851
1239
427
1045
1298
775
1209
1352
129
131
1018
375
778
1211
244
754
846
128
370
371
85
240
720
84
235
897
83
233
749
321
1043
1044
274
759
869
495
552
1132
243
751
1201
74
207
210
263
756
757
743
747
844
237
494
750
271
859
861
758
847
867
266
845
1051
299
952
1237
289
916
917
882
915
1138
914
1118
1263
423
536
1369
692
910
1262
1370
615
911
1100
880
881
1250
286
909
1261
355
907
1074
388
389
390
906
1065
1068
133
471
796
856
18
706
995
394
1267
1371
393
528
782
878
900
1029
283
898
1016
102
912
1104
100
282
895
613
879
1249
284
901
902
391
1257
1368
36
101
1012
904
1056
1259
325
328
769
281
760
876
239
296
763
143
1021
1090
287
761
848
579
619
937
650
1142
1145
209
489
492
670
1173
1258
612
800
1220
971
973
1156
616
921
1155
197
609
742
884
927
1206
369
777
1196
103
464
762
661
924
1200
585
644
1114
883
918
1265
290
920
1162
141
655
1268
99
280
724
324
1054
1055
373
1205
1350
279
501
502
275
874
1248
98
277
278
238
276
1204
888
1273
1296
454
543
896
894
936
1260
638
908
1082
1210
1271
1377
890
950
1348
875
885
1252
1
47
130
765
387
527
559
415
786
854
134
392
731
951
1214
1353
252
529
806
398
783
1280
395
1083
1269
825
931
1229
939
1272
1277
49
396
713
294
932
934
1058
886
933
1270
434
790
1407
439
1421
1425
295
802
857
1241
298
945
1059
820
947
1227
1251
1253
1366
297
889
944
943
1274
1301
941
1020
1291
304
305
1061
300
891
953
948
949
1276
37
106
764
700
1408
1409
424
1372
1374
104
465
795
598
698
1148
1402
959
1342
1398
216
688
1039
420
787
1358
1356
1357
1403
421
535
807
142
1191
1346
261
689
832
690
1359
1360
221
709
836
93
262
498
691
1180
1365
892
1254
1367
258
755
824
960
1406
1420
954
1278
1375
853
1240
1362
865
871
1246
860
1363
1405
380
382
780
384
850
1238
211
669
964
1256
862
870
872
132
385
1245
873
1247
1364
779
852
868
273
500
866
365
923
1184
1266
668
744
864
1244
676
830
1231
