10000000
104
258
291
292
293
294
422
549
672
734
824
832
925
926
927
928
929
931
932
933
934
935
953
1025
1156
1359
1360
1361
1362
1430
1497
1521
38
105
106
107
298
299
300
301
348
356
425
509
550
609
695
795
834
950
952
954
956
1027
1112
1132
1157
1158
1368
1369
1370
1500
145
295
296
302
344
423
424
426
579
687
833
859
936
937
938
939
941
955
957
958
959
1026
1119
1120
1121
1189
1363
1364
1365
1371
1419
1498
100
281
282
283
284
285
355
670
673
694
732
830
897
898
899
900
903
904
905
906
908
946
947
948
1153
1154
1348
1349
1350
1351
1429
1493
18
37
47
101
102
103
131
132
287
288
289
290
373
375
508
794
800
831
917
919
920
921
922
924
951
1155
1212
1213
1356
1357
1447
1495
144
286
383
419
420
421
578
650
671
710
733
736
759
858
907
909
910
911
912
913
914
915
949
1188
1235
1236
1352
1353
1354
1355
1454
1494
259
260
261
262
263
265
353
543
693
825
826
827
828
829
844
845
930
1082
1083
1084
1085
1086
1087
1088
1147
1148
1149
1321
1322
1484
181
225
267
275
276
277
379
416
544
545
546
547
548
668
708
849
850
878
879
880
881
882
883
942
1152
1224
1225
1226
1341
1342
1343
1451
14
34
35
36
92
93
94
95
96
97
98
170
268
269
270
273
274
354
492
506
507
792
793
871
873
874
1110
1150
1151
1339
99
143
278
279
280
297
415
417
418
577
669
885
886
887
888
889
890
891
892
893
894
895
943
944
945
1187
1344
1345
1346
1347
1366
1492
142
266
410
411
412
413
414
460
576
729
846
847
848
856
857
860
862
1020
1046
1186
1326
1327
1328
1329
1330
1331
1332
1333
1334
1486
1487
1488
130
272
370
371
461
462
463
465
588
667
758
866
867
868
869
870
940
1176
1198
1199
1200
1201
1267
1336
1337
1338
1443
1489
1490
1491
229
400
457
474
653
723
724
725
738
747
748
749
754
755
767
1291
1292
1293
1294
1295
1296
1297
1299
1301
1473
1474
1475
1476
1536
1537
1538
1559
137
394
395
396
456
572
587
700
701
702
703
704
719
720
753
852
1043
1182
1275
1276
1277
1278
1279
1280
1281
1282
1468
1469
1470
1535
138
227
230
397
398
399
401
649
717
718
721
722
728
730
731
735
760
853
1183
1283
1284
1285
1286
1287
1288
1289
1290
1298
1367
1471
1472
1499
211
212
391
473
654
655
656
657
658
659
660
716
751
752
757
766
1042
1261
1262
1263
1264
1459
1460
1463
1464
1465
1532
1533
1534
1558
27
49
73
135
136
203
204
205
206
388
389
625
626
627
628
631
632
633
634
635
636
637
714
801
814
851
1252
1253
1254
1255
1256
1461
74
207
208
209
349
390
532
629
630
639
640
641
642
643
644
645
646
647
648
690
715
896
1134
1135
1136
1137
1257
1258
1259
1260
1424
1462
28
75
77
85
178
210
215
216
239
240
241
378
533
534
535
536
537
540
605
606
651
763
764
765
916
1143
1221
1222
1223
1300
1450
1477
26
29
30
61
68
69
78
79
80
81
168
169
189
190
192
219
221
222
223
224
228
350
500
502
503
691
789
817
1138
1139
1140
1425
31
82
83
84
179
231
232
233
234
235
236
237
238
351
444
504
538
539
652
743
744
818
819
820
1108
1141
1142
1319
1426
1427
1428
1520
51
141
255
406
407
408
409
459
575
727
756
802
813
815
816
855
1018
1045
1185
1313
1314
1315
1317
1318
1320
1438
1481
1482
1483
1524
33
65
76
89
90
180
182
213
214
251
252
253
254
542
661
662
663
664
665
666
803
804
809
810
811
812
823
1109
1146
1265
1266
1316
21
32
55
86
87
88
91
243
244
245
246
247
248
249
250
256
257
352
505
541
692
777
779
780
781
790
791
821
822
1144
1145
1305
19
50
139
140
188
402
403
404
405
458
573
574
726
783
786
787
788
854
1044
1184
1234
1303
1304
1306
1307
1308
1309
1310
1312
1478
1479
1480
475
484
768
773
1055
1060
1061
1071
1072
1073
1074
1075
1076
1077
1078
1079
1080
1081
1323
1485
1539
1540
1541
1542
1560
1567
1568
1569
1570
1571
48
60
133
134
164
165
166
167
194
374
485
488
491
493
494
495
496
497
498
499
501
595
596
705
807
872
1125
1208
1209
1210
1211
1446
1
2
3
4
5
6
7
8
9
10
11
12
13
22
23
24
25
242
486
487
489
490
594
774
775
776
778
918
1091
1092
1095
1207
152
153
154
271
369
446
447
448
449
450
451
452
453
454
455
585
586
746
863
864
865
1122
1181
1195
1196
1197
1238
1335
1437
1439
1441
1442
56
57
58
155
156
157
158
159
160
161
162
345
359
467
468
469
590
618
785
805
806
1123
1124
1167
1169
1420
1421
1433
1518
1522
193
372
384
471
472
480
481
483
589
591
592
593
711
1202
1203
1204
1205
1206
1239
1240
1241
1444
1445
1456
1526
1527
1528
1530
1531
1556
1557
1566
151
191
200
220
347
442
443
445
581
582
583
584
614
615
616
623
688
689
989
1126
1128
1129
1130
1131
1194
1237
1248
1274
1422
1423
1455
1519
72
195
198
201
202
226
385
387
597
598
599
607
608
617
619
620
621
622
624
712
713
750
1180
1242
1243
1245
1246
1249
1250
1251
1457
1458
63
64
70
175
176
177
196
197
377
522
523
524
525
526
527
528
529
530
531
602
603
604
707
876
877
1133
1218
1219
1220
1244
1340
1449
46
127
128
129
360
361
362
363
364
365
366
368
436
563
698
699
745
997
1170
1171
1172
1173
1174
1175
1177
1178
1179
1192
1434
1435
1436
1523
67
185
186
187
199
380
381
382
386
559
560
561
562
564
565
566
567
568
569
570
611
612
613
709
884
1229
1230
1231
1232
1233
1247
1453
62
171
172
173
174
376
510
511
512
514
515
516
517
518
519
520
521
600
601
706
808
875
1003
1127
1214
1215
1216
1217
1448
147
333
367
429
478
482
1057
1058
1059
1062
1063
1064
1065
1066
1067
1068
1069
1070
1089
1090
1190
1409
1410
1513
1514
1550
1551
1552
1563
1564
116
117
118
264
327
328
329
331
332
334
358
555
556
610
697
840
841
981
1040
1052
1053
1054
1164
1165
1166
1227
1228
1408
1432
1452
1529
149
326
330
437
438
680
740
977
980
1033
1034
1035
1036
1037
1038
1039
1041
1047
1048
1049
1050
1051
1400
1401
1402
1403
1404
1405
1406
1407
1511
1512
59
66
71
120
163
183
184
218
338
339
340
557
638
681
682
683
684
685
902
1102
1103
1104
1105
1106
1107
1168
1272
1273
1414
1415
1467
1516
16
20
41
42
52
53
54
119
150
335
336
337
439
440
441
741
782
784
842
1093
1094
1096
1097
1098
1099
1100
1101
1193
1411
1412
1413
1515
17
43
44
45
121
122
123
124
125
126
341
342
343
346
513
558
686
742
799
843
987
1111
1113
1114
1115
1116
1117
1118
1416
1417
1418
1517
217
317
318
392
393
553
571
674
675
677
678
679
838
901
970
1005
1006
1007
1008
1009
1010
1011
1268
1269
1270
1271
1325
1389
1390
1391
1466
1507
113
148
319
320
432
433
470
796
797
798
923
971
972
1012
1013
1014
1015
1016
1017
1191
1311
1358
1376
1392
1393
1394
1440
1496
1508
1525
114
115
321
322
323
324
325
434
435
466
554
739
762
839
861
974
1019
1021
1022
1023
1024
1030
1031
1032
1395
1396
1397
1398
1399
1509
1510
1549
40
111
112
312
313
314
315
316
357
431
552
696
837
968
969
995
996
998
999
1000
1001
1002
1004
1160
1161
1162
1163
1386
1387
1388
1431
1506
15
39
110
310
311
430
676
737
761
965
966
967
982
983
984
985
986
988
990
991
992
993
994
1029
1380
1381
1382
1383
1384
1385
1504
1505
108
109
303
304
305
306
307
308
309
428
551
835
836
960
961
962
963
964
973
975
976
978
979
1028
1159
1324
1372
1373
1377
1378
1379
146
427
464
476
477
479
580
769
770
771
772
1056
1302
1374
1375
1501
1502
1503
1543
1544
1545
1546
1547
1548
1553
1554
1555
1561
1562
1565
