15000000
21
56
328
12
30
6
15
677
869
4
324
333
334
398
19
51
145
452
544
61
176
337
504
882
990
212
673
839
117
349
484
870
872
986
1026
7
8
728
23
163
431
477
169
170
541
1032
1042
549
619
907
22
59
731
24
521
871
49
50
270
874
479
849
478
845
109
750
183
364
496
951
433
488
607
335
399
142
422
439
277
384
892
461
761
332
964
110
327
217
937
1009
514
612
729
285
387
573
57
336
527
186
589
106
168
537
3
516
1047
269
790
958
1016
179
363
587
11
27
325
10
518
41
112
294
943
114
341
347
584
894
570
625
637
351
402
195
618
635
271
383
877
534
987
492
927
929
94
746
1
244
792
528
873
197
366
580
284
915
74
208
658
443
551
596
474
855
856
560
884
784
957
171
547
138
428
468
559
622
126
273
70
530
107
317
579
153
157
546
60
167
739
672
829
972
252
566
509
1013
1014
159
508
1004
35
331
523
90
257
344
116
751
470
807
853
250
808
827
828
350
813
111
330
18
47
131
251
378
966
36
100
43
121
359
404
414
9
440
517
670
816
17
46
730
39
42
524
917
1001
119
358
361
586
182
581
118
353
137
423
757
814
967
5
13
522
38
104
306
87
247
253
819
407
415
594
301
821
968
275
666
791
243
786
161
513
1031
215
955
44
122
124
297
954
1015
242
783
246
797
88
343
809
303
798
961
410
832
1017
1037
304
577
978
127
385
389
276
889
314
1018
147
357
815
259
835
624
636
221
561
101
102
748
300
825
970
500
826
971
375
616
820
1022
1038
78
219
694
511
1021
1023
140
355
434
16
326
412
268
569
1041
1045
515
1046
503
864
842
976
510
965
1019
512
868
1024
360
362
405
129
320
395
181
727
767
315
627
548
880
703
1027
689
940
833
973
493
676
861
502
609
979
597
838
222
705
708
134
411
930
266
789
92
97
535
846
977
307
308
799
32
33
258
837
887
991
992
91
261
993
1028
565
886
45
525
614
255
823
755
949
947
1012
483
867
141
437
438
969
1020
86
533
875
391
394
592
299
576
89
256
567
386
671
824
403
830
139
430
401
834
93
267
598
899
995
706
1039
432
481
482
473
476
605
54
150
472
152
480
545
686
923
53
149
20
519
520
408
475
831
467
787
272
879
2
323
396
48
135
103
302
974
235
763
865
984
83
236
781
263
788
852
166
764
499
863
29
31
733
143
445
582
172
881
298
692
959
416
417
418
274
444
571
188
365
55
155
578
626
999
206
368
105
392
377
379
590
25
69
741
68
339
556
557
621
199
742
148
462
851
133
756
67
190
338
506
610
81
228
280
904
201
638
193
194
770
192
526
613
857
981
997
1029
1030
441
843
144
356
218
935
685
914
932
397
413
471
604
265
382
858
663
771
772
753
948
446
595
630
198
628
66
184
448
600
900
436
631
615
905
75
213
340
639
640
136
232
543
681
891
84
583
420
429
836
421
435
34
164
734
96
279
901
564
885
305
983
985
588
818
254
822
388
591
897
442
599
187
553
649
906
918
58
162
165
312
393
707
191
491
608
552
620
453
682
687
641
645
916
920
1003
316
318
802
650
683
903
647
674
847
189
601
680
888
374
376
505
994
76
214
776
558
883
490
860
211
642
202
464
773
64
65
529
71
73
531
120
540
185
768
805
963
238
774
667
795
810
926
209
210
369
485
876
278
898
216
684
912
321
1025
1040
704
1007
1033
454
655
702
463
662
769
282
909
419
425
427
346
811
497
862
691
696
953
611
634
113
539
451
665
925
646
668
669
245
793
286
289
794
95
345
205
648
678
593
629
910
283
911
178
264
568
200
633
908
998
290
933
469
803
701
938
311
700
1008
239
777
292
939
721
722
719
720
717
718
713
714
715
716
711
712
651
919
230
747
931
1006
352
354
585
653
695
980
487
893
896
494
936
942
108
348
812
654
840
975
309
913
1000
424
449
450
643
656
287
574
890
291
688
934
229
562
319
1036
1044
156
495
944
380
409
447
606
632
82
85
744
817
895
498
960
660
752
758
878
988
945
1011
1035
98
536
14
37
1010
1034
699
1002
507
866
322
804
1043
115
342
400
80
224
371
262
381
848
800
962
859
982
130
132
542
295
796
946
426
456
737
146
458
745
52
738
63
657
740
675
854
928
151
661
760
652
690
693
293
575
941
40
735
664
775
924
780
956
248
313
801
26
455
732
725
726
62
175
550
223
778
174
554
679
227
779
709
710
154
486
489
902
996
460
754
850
249
806
158
501
723
724
28
77
329
207
921
234
240
79
532
697
989
204
367
406
173
765
196
555
623
99
288
220
370
698
310
922
1005
644
659
749
231
237
563
128
390
72
203
233
373
759
260
841
125
459
180
281
572
538
617
457
602
743
177
766
952
160
762
241
782
785
225
226
465
466
603
123
372
736
844
296
950
